 0  1.4    +16 29   130
 0  4.2    -13 36    51
 0  4.4    -13 34   144    NGC 7828+29
 0  5.0    - 6 54   146
 0  5.4    + 8 12   246
 0  7.2    +15 39   235    NGC 14
 0 16.9    +29 55   113    NGC 70
 0 17.2    -10 32   256
 0 20.3    +22 13    65
 0 20.7    - 1 34    35
 0 22.1    - 0 40   201
 0 27.0    -11 45   100    IC 18
 0 30.2    - 5 19    19    NGC 145
 0 35.3    +23 50   282    NGC 169
 0 37.4    - 9 10   127    NGC 191
 0 41.1    +40 42   168    NGC 221           +17, +38 (1)
 0 42.0    - 4 17   231
 0 44.8    -13 37   230
 0 49.5    - 7 13   140    NGC 274+75        +1854, +1971 (4)
 0 52.1    -14  2   251
 0 57.9    - 4 57   121
 0 59.0    - 9 19    59    NGC 341
 1  5.7    +32 15   331    NGC 383           +5086 (1)
 1  6.2    -17 38   236    IC 1623
 1  7.9    +14 11    11
 1 14.4    + 5  2   164    NGC 455
 1 16.0    +14 33   128
 1 17.5    +12 19    88
 1 17.9    +12 18   119
 1 18.5    +12 11    48
 1 18.5    + 3 16   227    NGC 474           +2402(1)
 1 19.8    - 0 42    67
 1 20.9    - 1  1     8    NGC 497
 1 21.8    +30 37    70
 1 21.9    +33  6   229    NGC 507+08        +5121 (1)
 1 23.0    + 3 38   157    NGC 520           +2177 (1), +2320 (4)
 1 23.5    +33 52   158    NGC 523
 1 24.2    - 1 32   133    NGC 541
 1 24.2    - 1 31   308    NGC 545+47
 1 30.5    +31 57    98
 1 31.0    + 4 27   306
 1 47.0    -12 31     4
 1 47.3    +10 23   228    IC 162
 1 49.4    +21 45    31
 1 49.8    - 4 12    75    NGC 702
 1 55.6    +17  4    56
 1 55.8    +33  4   166    NGC 750+51        +5291 (1), +5295 (1)
 1 56.6    + 2 57   126
 1 57.7    +18 52    78    NGC 772           +2553 (1)
 2  2.3    +14 35   290    IC 195+96
 2  6.4    +41 20    74
 2  7.9    -10 16   318    NGC 833+35+38+39
 2 16.6    + 5 30    10
 2 19.6    +39 14   273
 2 21.0    +41  4   145
 2 23.0    - 4 47    54
 2 26.1    +19 27   276    IC 1801,NGC 935
 2 26.9    -10 58   309    NGC 942+43
 2 37.4    +18 15   258
 2 37.6    +10 43   333    NGC 1024
 2 38.5    +38 57   135    NGC 1023          +709 (1), +729 (4)
 2 41.1    - 0  8    37    NGC 1068          +1032, +1133 (1), +1094 (4)
 2 45.2    -30 24    77    NGC 1097          +1224, +1332 (1), +1272 (4)
 2 45.9    -14 54   131
 2 48.6    +12 46   190
 2 52.0    +12 53   200    NGC 1134
 2 53.6    - 0 17   118    NGC 1143+44
 3  0.3    - 4 49   179
 3  1.9    -22 19   108
 3  7.2    -23 10   332    IC 1892
 3  8.4    -20 41    41    NGC 1232          +1736 (1), +1734 (4)
 3  9.6    + 1 12   147
 3  9.8    - 9  2   304    NGC 1241+42
 3 12.7    - 2 55   279    NGC 1253
 3 21.5    -37 20   154    NGC 1316          +1728 (1), +1715 (4)
 3 28.5    -22 22    39    NGC 1347
 3 38.4    - 2 13   219
 4  4.6    +69 45   213    IC 356
 4 18.4    + 2  1    20
 4 32.9    - 8 39   186    NGC 1614
 4 35.2    - 2 21    61
 4 28.9    +64 48   210    NGC 1569          +131, +107 (1), +121 (4)
 4 51.9    - 4 50   180
 5  0.2    - 4 18   259    NGC 1741
 5  3.5    -10 17   187
 5 18.0    + 3 42    52
 5 20.2    + 6 39   327    NGC 1875
 5 21.1    -11 31   123    NGC 1888+89       +2310, +2395 (1), +2334 (4)
 5 39.0    +69 25   184    NGC 1961          +4032 (1), +4027 (4)
 6 50.8    +86 36    96
 7 10.8    +73 32   141
 7 17.9    +85 50    25    NGC 2276          +2595 (1)
 7 17.9    +85 50   114    NGC 2276+2300     +2292 (1), +2189 (4)
 7 33.8    +35 26   250
 7 34.9    +17 57   165
 7 41.3    +73 52    17
 7 45.0    +39 11   143    NGC 2444+45       +3951 (4)
 8  9.4    +25 18    82    NGC 2535+36       +4153 (1), +3983 (4), +4046 (4)
 8 11.1    +46  5     6    NGC 2537          +415, +299 (1), +422 (4)
 8 11.6    +73 42     9    NGC 2523          +3604 (1)
 8 15.9    +70 50   268
 8 21.9    +21 26   247    IC 2338+39
 8 30.2    +19 19    58
 8 33.4    +28 41    12    NGC 1608          +2041 (1)
 8 36.6    +25 52   243    NGC 2623          +5342 (1)
 8 41.0    +14 24    89    NGC 1648
 8 45.0    +74 14    80    NGC 2633          +2382 (4)
 8 47.7    +19 12   167    NGC 2672          +4100 (1)
 8 49.1    -16 30     7
 8 50.1    - 2 15   257
 8 52.0    +35 15   195
 8 52.1    +78 21   225    NGC 2655          +1473 (1)
 8 53.8    +58 55   336    NGC 2685          +961 (1), +957 (4)
 8 58.4    +35 51   202    NGC 2719          +3073 (4)
 9  1.0    +26  3   287
 9 12.2    +40 14   215    NGC 2782          +2502 (1), +2514 (4)
 9 13.9    +44 27    55
 9 15.7    +42  5   283    NGC 2798+99       +1699 (1)
 9 18.0    +33 54   315    NGC 2832          +6895 (1)
 9 22.1    +49 23   285    NGC 2854+56
 9 22.9    +49 28     1    NGC 2857
 9 24.2    +11 34   307    NGC 2872+74       +2803 (4), +3443 (4)
 9 24.4    -11 52   275    NGC 2881
 9 25.4    +68 32   300
 9 26.1    +12 25   237
 9 27.6    +76 36   207
 9 32.2    +10 16   232
 9 32.5    +10 14   137
 9 35.0    -11 11   221
 9 36.2    + 2 53   142    NGC 2936+37
 9 37.4    +32 27    63    NGC 2944
 9 37.4    - 4 42   321
 9 37.7    +32 29   129
 9 41.9    - 5  9   253
 9 43.4    -19 33   252
 9 44.3    -14 11   245    NGC 2992+93
 9 44.7    + 3 12   303
 9 51.5    + 8  1   255
 9 53.1    - 6 43   292    IC 575
 9 53.6    +69 51   337    NGC 3034          +400, +410 (1), +322 (4)
 9 56.7    +28 59   174
10  2.0    +40 52   264    NGC 3104
10  9.5    - 7 46   338
10 16.5    +21 59   316    NGC 3190          +1220, +1284 (1), +1255 (4)
10 21.8    +20  3    94    NGC 3226+27       +1006 (1), +1233 (1)
10 22.3    +16 53    43
10 23.4    +17 19   263    NGC 3239          +763 (1),+761 (4)
10 24.1    - 2  3    44    IC 609
10 24.2    +80  0   181    NGC 3210+12
10 30.4    +54 32   233
10 33.6    -17  0    53    NGC 3290
10 35.0    +31 43   267
10 35.4    +18 17   192    NGC 3303
10 36.9    +53 40   217    NGC 3310          +1061 (1), +1090 (4)
10 40.3    +77 37   156
10 41.2    +13 37   291
10 48.2    +33  9   270    NGC 3395+96       +1715 (1), +1622 (4), +1607,(1)+1611 (4)
10 49.7    +28  9   162    NGC 3414          +1392 (1)
10 50.6    +30 15   107
10 50.8    +36 48   206    NGC 3432          +588 (1), +594 (4)
10 52.8    +57  9    24    NGC 3445
10 52.9    +54 28   205    NGC 3448
10 58.2    +17 49   198
11  1.8    + 4 56   335    NGC 3509          +7443 (4)
11  2.2    +41  0   148
11  3.2    +30 15    21
11  5.7    +18 36   191
11  8.3    +24 27   301
11  9.6    +28 51   105    NGC 3561
11 17.9    - 2 56   132
11 18.6    +13 10   317    NGC 3627          +633 (1), +591 (4)
11 18.6    +13 11    16    NGC 3627
11 19.4    +53 21    27    NGC 3631          +1162 (1)
11 21.9    +54  1   155    NGC 3656
11 22.7    + 3 29     5    NGC 3664
11 23.9    +54 33   151                      +6232 (22)
11 27.1    +58 42   296    NGC 3690+IC 694
11 27.3    +58 43   299
11 29.4    +20 38   197    IC 701
11 30.1    +28 40   203    NGC 3712
11 30.4    +70 58   329
11 31.0    +53 14   214    NGC 3718          +1128 (1)
11 31.1    +53  7   322
11 34.2    +54 41   234    NGC 3738
11 36.2    +48  4   280    NGC 3769          +804 (4)
11 36.3    +22 11   320
11 38.1    +32  5   294    NGC 3786+88       +2737, +2327 (4)
11 38.6    +15 29    83    NGC 3799+3800     +3424, +3469 (4)
11 39.4    +22 37    87    NGC 3808
11 40.6    + 0 31   161
11 41.5    +26 26   115
11 44.9    - 3 26   248
11 49.5    +55 15   224    NGC 3921          +6023 (4)
11 52.1    +43 46    62
11 54.7    -19 44   289    NGC 3981
11 56.1    +32 27   313    NGC 3994+95       +3338 (1), +3126 (4), +3356 (4)
11 56.2    +36 36   194
11 57.0    +27 44   305    NGC 4016+17
11 57.2    +25 13   138    NGC 4015
11 58.0    -19  6    22    NGC 4027          +1701 (4)
12  0.3    -18 42   244    NGC 4038+39       +1469 (1),+1443 (4),+1456 (1),+1427 (4)
12  4.0    +50 42    18    NGC 4088          +820 (1), +812 (4)
12  4.5    +31 14    97
12 12.1    +16 18   260
12 12.6    +54 42   160    NGC 4194          +2684 (1)
12 14.0    +28 21   106
12 26.3    +13 10   120    NGC 4438          -105 (1)
12 28.3    + 8 10   134    NGC 4472          +918 (1),+855 (4)
12 29.3    +41 48   269    NGC 4485+90       +675 (1), +848 (4), +622 (4)
12 29.3    +12 34   152    NGC 4486          +1218, +1187 (4), +1124 (1)
12 31.4    +11 34   175    IC 3481+83        +7011 (1), +31 (4)
12 35.3    +13 19    76    NGC 4569          +896 (1)
12 35.8    +38 55   211
12 38.0    +16 46   149
12 40.0    +26 14    34
12 40.1    +41 19    23    NGC 4618          +541 (1)
12 40.8    +32 42   281    NGC 4631          +611 (1), +646 (4)
12 42.0    +11 45   116    NGC 4647+49       +1321,+1379 (1),+1328 (4),+1175 (1),+1200 (4)
12 42.2    +16 33   189    NGC 4651
12 43.8    +27 17   163    NGC 4670          +1209 (1)
12 44.7    +30 54   242    NGC 4676          +6515 (A),+6620(B), (4)
12 50.3    +25 57   159    NGC 4747
12 52.5    +36 15   265    IC 3862
12 54.3    + 2 42   277    NGC 4809+10       +854 (4), +794 (4)
12 57.5    +35  2   266    NGC 4861          +829 (1), +831 (4)
13  2.2    -11 20   176    NGC 4933
13  6.0    +26 53   139
13 13.0    +26 18   196
13 13.2    +26 16    60
13 13.4)   +62 18   238
13 15.2    +14 35    57
13 19.2    +34 17   193    IC 883            +6918 (23)
13 23.6    -42 51   153    NGC 5128          +261 (1), +271 (4)
13 24.0    +84 39   204
13 28.1    +37 34    40    IC 4241
13 28.6    +47 21    85    NGC 5194+95       +546 (1), +552 (4)
13 29.1    +31 47   334
13 31.1    +62 52   104    NGC 5216+18
13 32.9    +31 35    36
13 33.5    +13 58   288    NGC 5221+22+26
13 33.6    +31 33   183
13 36.1    + 6 35    33
13 36.1    + 6 35   326
13 38.4    + 0 59   240    NGC 5257+58       +6744, +6569 (4)
13 40.5    +55 49   239    NGC 5278+79       +7665, +7708 (4),
13 57.4    +37 35    84    NGC 5394+95       +3651 (1)
14  0.4    +33 58   111    NGC 5421
14  1.8    - 5 55   271
14  2.1    +54 29    26    NGC 5457          +394 (1), +415 (4)
14  8.5    +17 46    79
14  8.6    +17 49   117    IC 982+983
14 15.8    +36 42   199    NGC 5544+45       +3265, +3275 (4)
14 18.7    +52  0    45
14 18.8    + 4  6   286    NGC 5560+66+69    +1436 (1), +1581 (4)
14 19.2    +35 19    69    NGC 5579+80
14 22.9    +34 59   178
14 30.9    + 8 12    49    NGC 5665
14 33.5    + 5 29   274
14 33.8    +26 39    95    IC 4461
14 36.4    +30 35   241
14 38.5    + 3 36   171
14 43.8    +19 36    64
14 44.1    +38 52   297    NGC 5754+55
14 45.8    +18 59    47
14 46.5    +19 11   328
14 47.8    -10  2   261
14 50.0    + 9 29   173
14 54.5    +24 43   177
14 55.7    +24 44   302
14 57.8    +54  0   136    NGC 5820          +3444 (1)
15  1.4    +23 27    42    NGC 5829
15 19.9    - 7 15   254
15 25.4    +42 46    90    NGC 5930          +2868 (4)
15 33.2    +15 18    91    NGC 5953+54       +2188, +2228 (4)
15 33.6    +23 35   220    IC 4553
15 45.7    +18 00    72    NGC 5994+96
15 48.1    +69 31   109
15 52.3    +18 42   218
16  0.8    +16  2   324
16  3.1    +14 57   101
16  3.1    +27 46   122    NGC 6039
16  3.8    +17 46    71
16  4.0    +17 52   272    NGC 6054
16  4.0    +20 38   209    NGC 6052
16  4.2    +17 43   172
16  5.0    +55 37   188
16 15.1    +47  7     2
16 26.1    +51 36    66
16 33.8    +78 16   185    NGC 6217          +1617, +1613 (1)
16 34.2    +46 17    73    IC 1222
16 37.2    +41 59   125
16 48.3    +53 27   330
16 48.8    +45 30   103
16 49.0    +46 45   312
16 50.0    +47 17   208
16 58.1    +58 58   293
17 12.5    +59 22    32
17 18.5    +60 38   124    NGC 6361
17 18.7    +49  5   102
17 22.5    +62 11    30
17 26.9    +58 33   310    IC 1259
17 26.9    +58 33   311    IC 1259
17 30.1    +75 45    38    NGC 6412          +1751 (1)
18 13.4    +68 18    81    NGC 6621+22       +6490 (4)
20 34.3    +60  2    29    NGC 6946          +371 (4), +330, +221 (1)
22  1.7    -21 12   325
22 13.3    +13 42   169    NGC 7236+37       +8098, +8093 (4)
22 18.1    +29 14   278    NGC 7253
22 19.1    -24 50   226    NGC 7252          +4817 (4)
22 27.0    -25  0    93    NGC 7284+85
22 34.1    -26 12    14    NGC 7314          +1838 (1)
22 34.5    +33 47   319    NGC 7317+19       (1), (13)
22 34.8    - 3  6     3
22 50.0    - 5 43    15    NGC 7393          +3975 (1), +3972 (4)
22 52.5    -15 22   110
22 56.3    - 3 57   314
22 58.6    +15 49    13    NGC 7448          +2649 (1)
23  1.7    + 8 42   298    NGC 7469          +5015 (4), +4988, +4899 (1)
23 13.8    +18 48    99    NGC 7550
23 15.8    +18 32   170    NGC 7578
23 16.4    - 4 49   223    NGC 7585          +3502 (4), +3485, +3538 (1)
23 17.3    + 0  5    92    NGC 7603
23 18.0    + 9 20   150    NGC 7609
23 19.0    +17  4   212    NGC 7625          +2050 (1), +2009 (4)
23 26.3    + 8 37   182
23 27.1    +22 15    28    NGC 7678          +3676 (1), +3680 (4)
23 27.2    + 3 22   216    NGC 7679+82       +5378, +5278 (1), +5330 (4)
23 32.2    +29 52    46
23 34.7    + 2  0   284    NGC 7714+15       +3001 (1), +2963 (1)
23 38.3    -12 27   222    NGC 7727          +1953 (4), +1943, +1982 (1)
23 39.9    - 3 44   295    IC 1505
23 45.6    +29 19    86    NGC 7752+53       +5108, +5085 (4)
23 47.0    + 3 57    68    NGC 7756
23 52.6    + 0 13   323    NGC 7783
23 55.3    +16 39   262
23 56.4    -14 12    50    IC 1520
23 58.9    +22 50   249
23 59.9    +31 17   112    NGC 7805+06
