   1  3 25 14 +30 44   3 32 57  +31  9  30.
   2  3 25 44 +31 54   3 33 31  +32 19  20.
   3  3 32 14 +31 34   3 40  1  +31 58  20.
   4  3 36 14 +31 24   3 44  2  +31 47
   5  3 40  0 +32 30   3 47 53  +32 53  60.
   6  3 46 30 +55 45   3 56 23  +56  7
   7  4  9 40 +28 15   4 17 25  +28 33
   8  4  7 53 +54 56   4 17 50  +55 14
   9  4  9    +54 45   4 18     +55  3
  10  4 10 57 +27 58   4 18 41  +28 16   8.
  11  4 16 37 +54 45   4 26 37  +55  2
  12  4 19 52 +53 58   4 29 47  +54 14  24.
  13  4 21 17 +54 37   4 31 18  +54 53  11.
  14  4 32 20 +25 30   4 39 59  +25 44   3.
  15  4 22 50 +46 21   4 31 56  +46 37  13.
  16  4 23 20 +46 20   4 32 26  +46 36
  17  4 23 25 +46 15   4 32 30  +46 31
  18  4 23 40 +24  5   4 31 13  +24 21  60.
  19  4 26    +26  0   4 33     +26 16  60.
  20  4 27 30 +50 43   4 37  4  +50 58  60.
  21  4 27 50 +55  6   4 37 57  +55 21  10.
  22  4 31    +25 48   4 38     +26  3 120.
  23  4 32 40 +29 38   4 40 33  +29 52   5.
  24  4 35  0 +29 30   4 42 53  +29 44   8.
  25  4 42 56 +45 48   4 52  4  +46  0   8.
  26  4 46 40 +30 25   4 54 38  +30 37   5.
  27  4 47 10 +30 21   4 55  8  +30 33   5.
  28  4 47 54 +30 26   4 55 52  +30 38   4.
  29  4 58 20 +31 25   5  6 23  +31 35  10.
  30  5 23 15 +12 40   5 30 16  +12 46  67.
  31  5 25  0 +12 40   5 32  1  +12 45  30.
  32  5 25  8 +12 20   5 32  8  +12 25
  33  5 34 36 -02 32   5 40 52  - 2 27   4.
  34  5 35 20 +32 35   5 43 30  +32 38  20.
  35  5 38 40 +09 00   5 45 30  + 9  3  15.
  36  5 43    +07 23   5 49     + 7 25 120.
  37  6 26    +10 34   6 32     +10 28 175.
  38  6 26 45 +11 10   6 33 41  +11  4  60.
  39  6 31  8 +10 26   6 38  2  +10 19
  40 16  7 24 -18 39  16 14 38  -18 58  15.
  41 16 15  0 -19 20  16 22 17  -19 37  45.
  42 16 18    -23  9  16 25     -23 26
  43 16 23    -19 30  16 30     -19 46
  44 16 33    -23 50  16 40     -24  4
  44a16 36  8 -40  6  16 44 45  -40 20   5.
  45 16 39    -21 22  16 46     -21 35 120.
  46 16 49 42 -22 32  16 57 12  -22 43
  47 16 52 12 -22 27  16 59 42  -22 38  15.
  48 16 53    -40 30  17  1     -40 41  40.
  49 16 54 30 -33  5  17  2 39  -33 16
  50 16 54 40 -34 12  17  2 54  -34 23  15.
  51 16 57 14 -22  5  17  4 44  -22 15  20.
  53 16 58    -33 25  17  6     -33 35  60.
  54 16 58 20 -34  5  17  6 34  -34 15   5.
  55 16 59 28 -31 50  17  7 33  -32  0  16.
  56 17  0 43 -31 56  17  8 48  -32  5   3.
  57 17  0 50 -22 40  17  8 22  -22 49   5.
  58 17  2 30 -40 15  17 11 12  -40 24  30.
  59 17  3 35 -27 20  17 11 23  -27 29  60.
  60 17  4 20 -22 17  17 11 51  -22 26  13.
  61 17  7 35 -20 20  17 14 59  -20 28
  62 17  8 46 -20 44  17 16 12  -20 52  19.
  63 17  9    -21 20  17 16     -21 28  60.
  64 17 10  0 -18 21  17 17 18  -18 29
  65 17 11 50 -26 34  17 19 36  -26 42  12.
  66 17 12 10 -26 46  17 19 57  -26 53   8.
  67 17 13 10 -26 44  17 20 57  -26 51
  67a17 15  0 -21 46  17 22 30  -21 53  13.
  68 17 15  0 -23 40  17 22 36  -23 47   4.
  69 17 15 19 -23 48  17 22 55  -23 55
  70 17 15 55 -23 55  17 23 32  -24  2   4.
  71 17 15 25 -23 53  17 23  2  -24  0   1.
  72 17 16  0 -23 30  17 23 35  -23 37
  73 17 16 30 -24 10  17 24  8  -24 17   1.
  74 17 17 30 -24  5  17 25  8  -24 12
  75 17 17 47 -21 55  17 25 17  -22  1
  76 17 18    -24 18  17 25     -24 24
  77 17 21    -23 45  17 28     -23 51  60.
  78 17 25    -25 30  17 32     -25 35 180.
  79 17 30  0 -19 32  17 37 23  -19 36  30.
  80 17 30 14 -21 12  17 37 42  -21 16   2.
  81 17 30 55 -23 51  17 38 32  -23 55
  82 17 31  0 -23 42  17 38 37  -23 46
  83 17 31 20 -24  6  17 38 58  -24 10   7.
  83a17 37 54 -19 57  17 45 18  -20 00   4.
  84 17 39  0 -20 12  17 46 25  -20 15
  84a17 50 20 -17 39  17 57 37  -17 40  16.
  85 17 54 50 -23  1  18  2 25  -23  1
  86 17 55  9 -27 52  18  3  1  -27 52   5.
  87 17 56  0 -32 30  18  4 10  -32 29
  88 17 56 56 -24  7  18  4 35  -24  6   2.
  89 17 57 20 -24 22  18  4 59  -24 21   0.5
  90 18  2 20 -28 18  18 10 14  -28 16   3.
  91 18  2 30 -23 43  18 10  7  -23 41   5.
  92 18  8 16 -18 16  18 15 35  -18 13  12.
  93 18  9 35 -18  6  18 16 53  -18  3   2.
  94 18 18 58 -10 44  18 25 53  -10 39  15.
  95 18 18 37 -11 49  18 25 35  -11 44  30.
  96 18 19 30 -10 22  18 26 24  -10 17
  97 18 22 12 -10  0  18 29  5  - 9 55  60.
  98 18 25 31 -26  9  18 33 16  -26  3   3.
  99 18 25 48 -21 34  18 33 17  -21 28   7.
 100 18 25 50 -09 14  18 32 41  - 9  8  16.
 101 18 25 50 -08 54  18 32 40  - 8 48   8.
 102 18 30 37 -13 51  18 37 41  -13 44   5.
 103 18 32 42 -06 47  18 39 25  - 6 40   4.
 104 18 40 42 -04 40  18 47 19  - 4 32  16.
 105 18 41  0 -07  3  18 47 44  - 6 54   0.5
 106 18 42 11 -05 13  18 48 49  - 5  4   2.
 107 18 42 52 -05  9  18 49 30  - 5  0   5.
 108 18 42 52 -06 27  18 49 34  - 6 18   3.
 109 18 42 50 -07 42  18 49 36  - 7 33   0.7
 110 18 43 30 -04 56  18 50  8  - 4 47  11.
 111 18 44    -05  6  18 50     - 4 57 120.
 112 18 44 25 -06 49  18 51  8  - 6 40  18.
 113 18 44 48 -04 28  18 51 24  - 4 19  16.
 114 18 46 27 -07  6  18 53 11  - 6 56   6.
 115 18 46 36 -06 49  18 53 19  - 6 39   6.
 116 18 46 48 -07 20  18 53 32  - 7 10
 117 18 46 58 -07 34  18 53 43  - 7 24   1.
 117a18 47  4 -05  0  18 53 42  -04 50   7.
 118 18 47 10 -07 36  18 53 55  - 7 26   2.
 119 18 47 59 -04 42  18 54 36  - 4 32
 119a18 48  0 -05 20  18 54 39  - 5 10  30.
 120 18 48 16 -04 45  18 54 53  - 4 35
 121 18 48 48 -04 46  18 55 25  - 4 36
 122 18 50 11 -04 55  18 56 48  - 4 45   4.
 123 18 51  2 -04 53  18 57 39  - 4 43   1.5
 124 18 51  5 -04 31  18 57 41  - 4 21   3.
 125 18 51 45 -04 33  18 58 21  - 4 23   9.
 126 18 52 25 -04 42  18 59  2  - 4 31   8.
 127 18 54 52 -05 37  19  1 31  - 5 26   4.5
 128 18 55  3 -04 45  19  1 40  - 4 34  10.
 129 18 55 25 -05 29  19  2  4  - 5 18   5.
 130 18 55 16 -05 45  19  1 56  - 5 34   7.
 131 18 55 39 -04 33  19  2 15  - 4 22   3.
 132 18 57 51 -04 37  19  4 27  - 4 25  16.
 133 18 59 29 -07 05  19  6 12  - 6 53
 134 19  0 11 -06 26  19  6 53  - 6 14   6.
 135 19  0 57 -04 07  19  7 32  - 3 55  13.
 136 19  2 14 -04 12  19  8 49  - 4  0   8.
 137 19  9 32 -01 33  19 16  0  - 1 19
 138 19 10     00 00  19 16     + 0 13 180.
 139 19 11 32 -01 38  19 18  0  - 1 24
 140 19 13 39 +05 00  19 19 49  + 5 13  60.
 141 19 13 52 +01 40  19 20 11  + 1 53  20.
 142 19 33 45 +10 14  19 39 41  +10 31  40.
 143 19 35 30 +10 43  19 41 25  +11  0  30.
 144 19 54    +35 00  19 58     +35 20 270.
 145 19 58 16 +37 20  20  2 49  +37 40  45.
 146 19 58 49 +35 40  20  3 29  +36  1
 147 20  2  7 +35  1  20  6 50  +35 22  11.
 148 20 44 50 +59 10  20 47 42  +59 37   3.
 149 20 46  7 +59  4  20 49  1  +59 31   2.
 150 20 47 50 +59 50  20 50 39  +60 18  60.
 151 21  4 40 +55 49  21  8 13  +56 19  60.
 152 21 11 30 +61 13  21 14 29  +61 44   9.
 153 21 17 20 +55 55  21 21  3  +56 26  60.
 154 21 17 40 +56  5  21 21 22  +56 36   8.
 155 21 27 25 +44 25  21 32  8  +44 58  13.
 156 21 29 17 +45  2  21 33 59  +45 35   8.
 157 21 29 38 +54  7  21 33 41  +54 40   5.
 158 21 32 22 +42 51  21 37 13  +43 24   3.
 159 21 33 30 +42 40  21 38 22  +43 13  25.
 160 21 34  0 +55 40  21 37 58  +56 13  31.
 161 21 36 30 +57 15  21 40 22  +57 49   3.
 162 21 37  8 +55 45  21 41  9  +56 19  13.
 163 21 38 10 +56  8  21 42 10  +56 42
 164 21 42  2 +50 31  21 46 31  +51  5  20.
 165 21 45 10 +59 38  21 48 56  +60 12  18.
 166 21 47 16 +59 30  21 51  5  +60  5   5.
 167 21 48  8 +59 29  21 51 58  +60  4   5.
 168 21 48 32 +46 41  21 53 20  +47 16  10.
 169 21 54 48 +58 10  21 58 52  +58 45  60.
 170 21 54  0 +58 22  21 58  2  +58 57  15.
 171 21 57 12 +58 16  22  1 18  +58 52  91.
 173 22  3 20 +59  4  22  7 28  +59 40   4.
 174 22  3  8 +58 28  22  7 19  +59  4  19.
 175 22 11    +69 19  22 14     +69 56  60.
 201  2  4 20 +56 30   2 13  0  +57  5  10.
 202  3 18  0 +29 50   3 25 38  +30 16  22.
 203  3 18 10 +30 20   3 25 50  +30 46
 204  3 20 50 +29 45   3 28 29  +30 11  14.
 205  3 20 50 +30 40   3 28 32  +31  6  15.
 206  3 21 30 +29 45   3 29  9  +30 11   5.
 207  3 57  0 +26  0   4  4 35  +26 20
 208  4  4  0 +24 50   4 11 32  +25  9
 209  4  4 40 +28  0   4 12 23  +28 19
 210  4  8  0 +24 45   4 15 33  +25  3
 211  4  9 30 +27 30   4 17 12  +27 48
 212  4 11 40 +25  0   4 19 14  +25 18
 213  4 13 30 +26 45   4 21 10  +27  3
 214  4 14 10 +28 15   4 21 55  +28 32   5.
 215  4 16  0 +24 45   4 23 34  +25  2
 216  4 16 20 +26 20   4 23 59  +26 37
 217  4 20  0 +25 50   4 27 38  +26  7
 218  4 20 30 +26  0   4 28  9  +26 16  15.
 219  4 27    +29 20   4 34     +29 35 120.
 220  4 33 50 +25 45   4 41 30  +25 59   7.
 221  4 36    +31 30   4 44     +31 44  45.
 222  5  0 18 +32  0   5  8 23  +32 10  10.
 223  5 14 40 +08 12   5 21 28  + 8 19   8.
 224  5 17  0 +10 30   5 23 54  +10 37  20.
 225  5 22    +11 30   5 28     +11 36
 226  5 28 20 +33 37   5 36 34  +33 42  17.
 227  6  0  0 +19 40   6  7 23  +19 39  12.
 228 15 37    -34  7  15 44     -34 30 240.
 229 16 10    -27  0  16 17     -27 18  45.
 230 16 20    -16 30  16 27     -16 47  60.
 231 16 30 10 -35 10  16 38 24  -35 25  30.
 232 16 35 10 -39 35  16 43 44  -39 49  10.
 233 16 36 30 -35 10  16 44 45  -35 24  37.
 234 16 38 30 -30 15  16 46 26  -30 28  18.
 235 16 38  8 -44 15  16 47  6  -44 28   7.
 236 16 41    -29 35  16 48     -29 48
 237 16 41  0 -29 45  16 48 55  -29 58  37.
 238 16 44 50 -22 55  16 52 21  -23  7  13.
 239 16 47    -30 55  16 55     -31  7  15.
 240 16 51  0 -35 10  16 59 17  -35 21  20.
 241 16 51 30 -30  0  16 59 27  -30 11  12.
 242 16 57  0 -32 15  17  5  6  -32 25  19.
 243 17  1 50 -29 25  17  9 46  -29 34  25.
 244 17  3  0 -28 15  17 10 51  -28 24  25.
 245 17  4  0 -29 15  17 11 55  -29 24   8.
 246 17  4 30 -22 30  17 12  1  -22 39  15.
 247 17  5  8 -30  6  17 13  6  -30 15   4.
 248 17  5 10 -28 50  17 13  4  -28 59  10.
 249 17  5 10 -29  0  17 13  4  -29  9  13.
 250 17  5 10 -28 15  17 13  2  -28 24  15.
 251 17  6 25 -20  0  17 13 48  -20  9  13.
 252 17  7 12 -32  0  17 15 18  -32  8  20.
 253 17  8    -22 25  17 15     -22 33  60.
 254 17 12 30 -30  0  17 20 29  -30  7  40.
 255 17 13  0 -23 20  17 20 35  -23 27   5.
 256 17 14 18 -28 42  17 22 12  -28 49  50.
 257 17 14 25 -35 30  17 22 46  -35 37  15.
 258 17 14 40 -34 36  17 22 57  -34 43  40.
 259 17 14 40 -19 10  17 22  1  -19 17  30.
 260 17 17  6 -25 30  17 24 48  -25 37  10.
 261 17 17 30 -22 55  17 25  4  -23  2  10.
 262 17 18    -22 30  17 25     -22 36  30.
 263 17 18  0 -42 40  17 26 56  -42 46  30.
 264 17 19 30 -25 25  17 27 12  -25 31  10.
 265 17 19 55 -25  5  17 27 36  -25 11  12.
 266 17 20 40 -20 50  17 28  7  -20 56  30.
 267 17 20 50 -25  7  17 28 31  -25 13   4.
 268 17 24    -20 25  17 31     -20 30  75.
 269 17 24 40 -22 40  17 32 13  -22 45  60.
 270 17 25 20 -19 30  17 32 43  -19 35  11.
 271 17 26    -34 10  17 34     -34 15 120.
 272 17 30    -23 20  17 37     -23 24  45.
 273 17 30 16 -33 16  17 38 29  -33 20  15.
 274 17 30 30 -22 39  17 38  3  -22 43  18.
 275 17 30 50 -32 15  17 38 59  -32 19  13.
 276 17 32 15 -19 45  17 39 39  -19 49  45.
 277 17 33 10 -23  0  17 40 44  -23  4  18.
 278 17 34 30 -32 15  17 42 39  -32 18  15.
 279 17 37    -22 30  17 44     -22 33  60.
 280 17 37 30 -20 40  17 44 57  -20 43  60.
 281 17 39 10 -23 40  17 46 47  -23 43
 282 17 41  0 -23 25  17 48 36  -23 27  18.
 283 17 43    -33 50  17 51     -33 52  75.
 284 17 43  0 -14 20  17 50  6  -14 22  25.
 285 17 44 30 -12 50  17 51 32  -12 52  15.
 286 17 44 40 -35 35  17 53  3  -35 37  15.
 287 17 46  5 -35 10  17 54 26  -35 11  30.
 288 17 48 36 -37  4  17 57  6  -37  5   2.
 289 17 48 40 -29  0  17 56 36  -29  1  25.
 290 17 50 50 -37  8  17 59 20  -37  8   3.
 291 17 51 27 -33 53  17 59 43  -33 53   5.
 292 17 52 20 -33 20  18  0 34  -33 20  60.
 293 17 52 50 -35 20  18  1 12  -35 20  18.
 294 17 53 35 -28 36  18  1 30  -28 36   3.
 295 17 56  0 -31 10  18  4  5  -31  9  50.
 296 17 56 24 -24 32  18  4  4  -24 31   4.
 297 17 57    -18 45  18  4     -18 44  75.
 298 17 57 10 -30  6  18  5 11  -30  5   4.
 299 17 58 30 -27 18  18  6 20  -27 17
 300 17 58 50 -32 40  18  7  1  -32 39
 301 18  1 30 -18 43  18  8 50  -18 42  30.
 302 18  1 35 -23 59  18  9 13  -23 58  30.
 303 18  1 50 -24  1  18  9 28  -23 59   1.
 304 18  6    -18 45  18 13     -18 43
 305 18  6 30 -31 50  18 14 37  -31 48  13.
 306 18  8  0 -25 45  18 15 44  -25 42   4.
 307 18 11 20 -18  0  18 18 38  -17 57   6.
 308 18 11 36 -22 17  18 19  8  -22 14   6.
 309 18 15 30 -24  5  18 23  8  -24  1   5.
 310 18 22 53 -18 40  18 30 13  -18 35   2.
 311 18 23 10 -17 45  18 30 27  -17 40   6.
 312 18 25    -15 40  18 32     -15 34  75.
 313 18 28 46 -15 47  18 35 56  -15 41  15.
 314 18 30 12 -09 49  18 37  4  - 9 42  35.
 315 18 34 54 -20  9  18 42 18  -20  1   5.
 316 18 35 20 -02 15  18 41 50  - 2  8   6.
 317 18 38 40 -14 20  18 45 46  -14 12  20.
 318 18 43  0 -06 32  18 49 42  - 6 23  60.
 319 18 45 30 -01 25  18 51 58  - 1 16   7.
 320 18 46  6 -06  0  18 52 47  - 5 51  15.
 321 18 47  5 -11 27  18 54  2  -11 17  13.
 322 18 49 10 -04 37  18 55 47  - 4 27   2.
 323 18 51  0 -03 35  18 57 34  - 3 25  17.
 324 18 52 50 -03 10  18 59 22  - 2 59  30.
 325 18 53 18 -04 14  18 59 53  - 4  3  15.
 326 18 57    -00 34  19  3     - 0 23  20.
 327 18 57 48 -05 19  19  4 26  - 5  7  25.
 328 18 58 13 -04 26  19  4 49  - 4 14   4.
 329 19  0 44 +03 00  19  6 59  + 3 11   6.
 330 19 13 30 +07 20  19 19 33  + 7 33  30.
 331 19 20    +07 20  19 26     + 7 34  40.
 332 19 22    +08 30  19 28     + 8 45
 333 19 23    +10 25  19 28     +10 40  60.
 334 19 29 15 +12  3  19 35  6  +12 19   3.
 335 19 30 50 +07 20  19 36 54  + 7 36   6.
 336 19 30 50 +12  4  19 36 41  +12 20   2.
 337 19 31 10 +12  7  19 37  0  +12 23   3.
 338 19 36 58 +07 10  19 43  2  + 7 27   8.
 339 19 38    +08  0  19 44     + 8 17  60.
 340 19 42 50 +11  6  19 48 44  +11 24   7.
 341 19 45 18 +33 58  19 50  1  +34 16  30.
 342 20  5 10 +40 50  20  9 30  +41 12   4.
 343 20  9  0 +39 54  20 13 26  +40 16  13.
 344 20 11 45 +39 50  20 16 12  +40 13   7.
 345 20 17  0 +46 10  20 21  0  +46 33  15.
 346 20 22 30 +43 20  20 26 46  +43 44  10.
 347 20 23 55 +39 30  20 28 27  +39 54   1.
 348 20 30    +41 40  20 34     +42  5  60.
 349 20 43  0 +43 30  20 47 24  +43 57   6.
 350 20 44 50 +45 25  20 49  6  +45 52   3.
 351 20 48 16 +46 56  20 52 27  +47 24  20.
 352 20 52 50 +45 25  20 57 10  +45 53  22.
 353 20 53  0 +45  0  20 57 22  +45 28   9.
 354 20 55    +57 40  20 58     +58  9  60.
 355 20 55  5 +42 42  20 59 38  +43 11   5.
 356 20 55 40 +46 12  20 59 58  +46 41  24.
 357 20 56 20 +55  5  20 59 52  +55 34  30.
 358 21  1  5 +42 47  21  5 40  +43 16  20.
 359 21  3 20 +56 40  21  6 46  +57 10  20.
 360 21  4 20 +56  0  21  7 52  +56 30  54.
 361 21  8 23 +46 55  21 12 45  +47 25  20.
 362 21 19 40 +49 40  21 23 57  +50 12  15.
 363 21 20 30 +48 24  21 24 53  +48 56  40.
 364 21 30    +54  0  21 34     +54 33  75.
 365 21 31  0 +56 10  21 34 53  +56 43  22.
 366 21 36 40 +59  0  21 40 21  +59 34  10.
 367 21 40 25 +56 36  21 44 24  +57 10   5.
 368 21 47  0 +58 24  21 50 55  +58 59  14.
 369 22 11 20 +55 24  22 15 54  +56  1   5.
 370 22 30    +56  0  22 34     +56 38
