 NGC 104   47 Tuc      00 24 05.2  -72 04 51  305.90 -44.89   4.3   7.3   1.8  -2.5  -3.0    .05 14.06 13.32  3.95  -9.37   .37   .88   .53  1.14    .4  -.99  7     -.76 G4    -18.7   .2  -28.0 2.04    .37 2.79   7.99  9.24  14.43  4.87
 NGC 288               00 52 47.5  -26 35 24  152.28 -89.38   8.1  11.4   -.1    .0  -8.1    .03 15.30 14.64  8.09  -6.55   .08   .65   .45   .94   4.8   .98  0    -1.24       -46.6   .4  -53.9  .96   1.42 2.22   9.09  8.99  19.95  1.84
 NGC 362               01 03 14.3  -70 50 54  301.53 -46.25   8.3   9.2   3.0  -4.9  -6.0    .05 15.43 14.75  6.40  -8.35   .16   .77   .49  1.01   5.9  -.87  6    -1.16 F9    223.5   .5  213.3 1.94c:  .17  .81   7.79  8.43  14.88  4.74
 NGC 1261              03 12 15.3  -55 13 01  270.54 -52.13  16.0  17.9    .1  -9.8 -12.6    .01 16.70 16.05  8.29  -7.76   .13   .72   .45   .93  14.9  -.71  5    -1.35 F7     68.2  4.6   53.4 1.27    .39  .75   8.79  8.81  17.65  2.97
 Pal 1                 03 33 23.0  +79 34 50  130.07  19.03   9.7  15.9  -5.9   7.0   3.2    .15 16.13 15.40 13.52  -1.88         .96                .0 -1.00  7:    -.80                         1.50    .32  .48         7.53  22.16  1.63
 AM 1      E 1         03 55 02.7  -49 36 52  258.36 -48.47 119.1 120.5 -15.9 -77.4 -89.2    .00 20.96 20.38 15.72  -4.66         .72              41.0  -.93  6    -1.80       116.0 20.0   99.5 1.23    .12  .50   8.65  9.46  23.86   .10
 Eridanus              04 24 44.5  -21 11 13  218.11 -41.33  80.8  85.8 -47.7 -37.4 -53.4    .02 20.23 19.60 14.70  -4.90         .79                .0 -1.00  7    -1.46       -23.6  2.1  -41.4 1.10    .25  .40               22.81   .42
 Pal 2                 04 46 05.9  +31 22 51  170.53  -9.07  26.9  34.8 -26.2   4.4  -4.2   1.24 21.65 20.99 13.04  -7.95  1.83  2.08        2.65              5    -1.30      -133.0 57.0 -141.9 1.45    .24  .67   8.15  8.04  19.39  3.77
 NGC 1851              05 14 06.3  -40 02 50  244.51 -35.04  12.2  16.8  -4.3  -9.0  -7.0    .02 16.15 15.49  7.14  -8.35   .17   .76   .49  1.01  10.1  -.36  1/6  -1.26 F7    320.9  1.0  302.1 2.24    .08  .52   7.41  8.50  14.15  5.17
 NGC 1904  M 79        05 24 10.6  -24 31 27  227.23 -29.35  12.6  18.5  -7.5  -8.1  -6.2    .01 16.15 15.53  7.73  -7.80   .06   .65   .44   .91   5.3   .89  0    -1.54 F5    207.5   .5  188.3 1.72    .16  .80   7.87  8.66  16.23  4.01
 NGC 2298              06 48 59.2  -36 00 19  245.63 -16.01  10.6  15.6  -4.2  -9.3  -2.9    .13 16.11 15.54  9.29  -6.25   .17   .75   .54  1.11   9.5   .93  1    -1.85 F5    148.9  1.2  129.8 1.28    .34  .78   8.02  8.36  18.79  2.90
 NGC 2419              07 38 08.5  +38 52 55  180.37  25.24  82.3  89.6 -74.4   -.5  35.1    .11 20.45 19.92 10.39  -9.53   .07   .66        1.05   5.7   .86  2    -2.12 F5    -20.0   .8  -26.4 1.40    .35  .73  10.02 10.28  19.83  1.55
 Pyxis                 09 07 57.8  -37 13 17  261.32   7.00  38.5  40.5  -5.8 -37.8   4.7    .21 19.25 18.58 12.90  -5.68                               -1.00  7:   -1.20                          .65   1.38 1.35                          
 NGC 2808              09 12 02.6  -64 51 47  282.19 -11.25   9.3  10.9   1.9  -8.9  -1.8    .23 16.19 15.55  6.20  -9.35   .28   .92   .57  1.18    .4  -.49  0/7  -1.37 F7     93.6  2.4   80.1 1.77    .26  .76   8.35  8.77  15.17  4.62
 E 3                   09 20 59.3  -77 16 57  292.27 -19.02   4.2   7.6   1.5  -3.7  -1.4    .30 14.80 14.07 11.35  -2.72                            .0              -.80                          .75   1.87 2.06               23.10  1.12
 Pal 3                 10 05 31.4  +00 04 17  240.14  41.86  89.4  92.6 -33.1 -57.7  59.6    .03 20.45 19.85 14.26  -5.59                          17.4  -.82  6    -1.66        83.4  8.4   74.9 1.00    .48  .66   9.91  9.64  23.08   .01
 NGC 3201              10 17 36.8  -46 24 40  277.23   8.64   5.1   8.9    .6  -5.0    .8    .21 14.80 14.17  6.75  -7.42   .38   .96   .62  1.23  91.3   .08  4    -1.48 F6    494.0   .2  481.9 1.31   1.45 2.68   8.82  8.79  18.77  2.69
 Pal 4                 11 29 16.8  +28 58 25  202.31  71.80  99.6 102.2 -28.8 -11.8  94.6    .01 20.65 20.02 14.20  -5.82                            .0 -1.00  7    -1.48        74.5  2.1   76.7  .78    .55  .54  10.07  9.54  23.54 -0.26
 NGC 4147              12 10 06.2  +18 32 31  252.85  77.19  18.8  20.9  -1.2  -4.0  18.3    .02 17.01 16.43 10.32  -6.11   .11   .59   .42   .79  57.3   .55  3    -1.83 F2/3  183.2   .7  186.5 1.80    .10  .43   7.59  8.37  17.63  3.49
 NGC 4372              12 25 45.4  -72 39 33  300.99  -9.88   4.9   6.9   2.5  -4.2   -.8    .42 15.30 14.76  7.24  -7.52   .31  1.10   .72  1.50    .0  1.00  1    -2.09 F5     72.3  1.3   63.8 1.30   1.75 3.90   8.88  9.23  20.51  2.19
 Rup 106               12 38 40.2  -51 09 01  300.89  11.67  20.6  18.0  10.4 -17.3   4.2    .21 17.80 17.22 10.90  -6.32                                -.82  6    -1.80       -44.0  3.0  -49.7  .70   1.00 1.10               21.82  1.12
 NGC 4590  M 68        12 39 28.0  -26 44 34  299.63  36.05  10.1  10.0   4.0  -7.1   5.9    .04 15.68 15.14  7.84  -7.30   .04   .63   .46   .94  49.3   .17  3    -2.06 F2/3  -95.2   .4  -97.1 1.64    .69 1.55   8.60  8.90  18.67  2.53
 NGC 4833              12 59 35.0  -70 52 29  303.61  -8.01   5.9   6.9   3.2  -4.8   -.8    .33 15.45 14.87  6.91  -7.96   .29   .93   .63  1.33  11.8   .93  1    -1.79 F3    200.2  1.2  192.7 1.25   1.00 2.41   8.79  8.77  18.45  3.07
 NGC 5024  M 53        13 12 55.3  +18 10 09  332.96  79.76  18.4  18.9   2.9  -1.5  18.2    .01 16.90 16.36  7.61  -8.75   .09   .64   .45   .86  13.9   .76  2    -2.07 F6    -79.1  4.1  -71.5 1.78    .37 1.11   8.90  9.42  17.39  3.01
 NGC 5053              13 16 27.0  +17 41 53  335.69  78.94  16.2  16.8   2.8  -1.3  15.9    .03 16.65 16.14  9.47  -6.67   .03   .65         .90  21.4   .52  3    -2.29        44.0   .4   51.8  .82   2.25 3.50   9.87  9.59  22.19   .47
 NGC 5139  omega Cen   13 26 45.9  -47 28 37  309.10  14.97   5.1   6.3   3.1  -3.8   1.3    .12 14.53 13.92  3.68 -10.24   .19   .78   .51  1.05  12.2        2    -1.62 F5    232.3   .5  229.4 1.24   2.58 4.18   9.76  9.72  16.77  3.13
 NGC 5272  M 3         13 42 11.2  +28 22 32   42.21  78.71  10.0  11.9   1.5   1.3   9.8    .01 15.65 15.04  6.19  -8.85   .09   .69         .93  75.3   .08  4    -1.57 F6   -148.6   .4 -138.0 1.85    .50 1.12   8.78  9.02  16.34  3.56
 NGC 5286              13 46 26.5  -51 22 24  311.61  10.57  10.7   8.2   7.0  -7.9   2.0    .24 16.50 15.90  7.34  -8.56   .28   .88   .58  1.19   6.0   .80  1    -1.67 F5     58.3  3.2   55.6 1.46    .29  .69   8.28  8.61  16.07  4.18
 AM 4                  13 55 50.1  -27 10 22  320.15  33.54  29.2  24.8  18.7 -15.6  16.1    .04 18.00 17.45 15.90  -1.55                                           -2.00                          .50    .42  .42               24.75   .03
 NGC 5466              14 05 27.3  +28 32 04   42.15  73.59  16.6  16.9   3.5   3.2  15.9    .00 16.62 16.10  9.04  -7.06   .00   .67         .82  41.9   .58  2    -2.22       107.7   .3  119.7 1.43   1.96 2.25   9.75  9.37  21.28   .78
 NGC 5634              14 29 37.3  -05 58 35  342.21  49.26  25.3  21.3  15.7  -5.1  19.2    .05 17.75 17.17  9.47  -7.70   .09   .67   .44   .96   5.8        1    -1.82 F3/4  -45.1  6.6  -36.1 1.60    .21  .54   8.71  8.98  17.49  3.13
 NGC 5694              14 39 36.5  -26 32 18  331.06  30.36  33.9  28.3  25.6 -14.1  17.1    .09 18.50 17.93 10.17  -7.76   .08   .69   .48   .98    .0  1.00  0    -1.86 F4   -145.8  1.9 -140.4 1.84    .06  .33   7.85  8.79  16.34  4.04
 IC 4499               15 00 18.5  -82 12 49  307.35 -20.47  18.4  15.4  10.5 -13.7  -6.4    .23 17.65 17.04  9.76  -7.28   .45   .91             122.5   .11  4    -1.60                         1.11    .96 1.50   9.49  9.45  20.92  1.50
 NGC 5824              15 03 58.5  -33 04 04  332.55  22.07  31.3  25.1  25.7 -13.4  11.7    .13 18.45 17.88  9.09  -8.79   .12   .75   .51  1.05   8.2   .79  2    -1.85 F4    -38.4  4.4  -33.4 2.45    .05  .36   7.98  9.18  15.08  4.67
 Pal 5                 15 16 05.3  -00 06 41     .85  45.86  22.6  18.0  15.8    .2  16.2    .03 17.51 16.87 11.75  -5.12                          44.9  -.40  5:   -1.38       -55.0 16.0  -42.4  .74   2.90 2.96  10.10  9.59  24.67 -0.76
 NGC 5897              15 17 24.5  -21 00 37  342.95  30.29  12.7   7.6  10.5  -3.2   6.4    .08 16.35 15.77  8.53  -7.24   .08   .74   .50  1.04   8.9   .86  2    -1.80 F7    101.5  1.0  110.0  .79   1.96 2.11   9.78  9.31  20.49  1.38
 NGC 5904  M 5         15 18 33.8  +02 04 58    3.86  46.80   7.3   6.1   5.0    .3   5.3    .03 15.07 14.41  5.65  -8.76   .17   .72   .45   .95  38.4   .31  3    -1.29 F7     52.1   .5   65.2 1.87    .40 2.11   8.30  9.13  16.05  3.94
 NGC 5927              15 28 00.5  -50 40 22  326.60   4.86   7.4   4.5   6.2  -4.1    .6    .47 16.60 15.81  8.01  -7.80   .85  1.31   .79  1.63    .0 -1.00  7     -.37 G2   -115.7  3.1 -114.5 1.60    .42 1.15   8.53  8.71  17.45  3.90
 NGC 5946              15 35 28.5  -50 39 34  327.58   4.19  12.3   7.1  10.4  -6.6    .9    .55 17.80 17.16  9.61  -7.55   .45  1.29   .77  1.58   2.9        1    -1.38 F7/8  119.5  7.1  120.9 2.50c   .08  .69   6.97  8.84  17.42  4.52
 BH 176                15 39 07.3  -50 03 02  328.41   4.34  15.2   9.4  12.9  -8.0   1.2    .77 19.00 18.30 14.00  -4.30                               -1.00  7:                                                                23.36      
 NGC 5986              15 46 03.5  -37 47 10  337.02  13.27  10.3   4.7   9.2  -3.9   2.4    .27 16.50 15.90  7.52  -8.38   .30   .90   .58  1.22   4.4   .97  1    -1.67 F5     88.9  3.7   94.3 1.22    .63 1.05   8.97  8.78  17.56  3.31
 Lynga 7               16 11 03.0  -55 18 52  328.77  -2.79   7.0   4.2   6.0  -3.6   -.3    .73 17.25 16.49                                            -1.00  7     -.62         8.0  5.0    8.9                                           
 Pal 14    AvdB        16 11 04.9  +14 57 29   28.75  42.18  72.2  67.3  46.9  25.7  48.5    .04 20.04 19.42 14.74  -4.68                               -1.00  7    -1.52        76.6  2.2   93.5  .72   1.10 1.15  10.16  9.66  25.55 -1.18
 NGC 6093  M 80        16 17 02.5  -22 58 30  352.67  19.46   8.7   3.1   8.1  -1.0   2.9    .18 15.86 15.25  7.33  -7.92   .21   .84   .56  1.11   4.1   .93  0    -1.62 F6      9.3  3.1   19.7 1.95    .15  .65   7.60  8.32  15.19  4.82
 NGC 6121  M 4         16 23 35.5  -26 31 31  350.97  15.97   2.2   6.0   2.0   -.3    .6    .36 13.45 12.78  5.63  -7.15   .43  1.03   .69  1.42  70.4  -.06  4    -1.20 F8     70.2   .3   79.8 1.59    .83 3.65   7.57  8.64  17.88  3.83
 NGC 6101              16 25 48.6  -72 12 06  317.75 -15.82  15.1  11.0  10.8  -9.8  -4.1    .04 16.60 16.02  9.16  -6.86   .06   .68   .50        19.8   .84  2    -1.82 F5:   361.4  1.7  357.2  .80   1.15 1.71   9.44  9.22  20.12  1.63
 NGC 6144              16 27 14.1  -26 01 29  351.93  15.70  10.1   3.4   9.6  -1.4   2.7    .32 16.60 16.01  9.01  -7.00   .35   .96   .60  1.10    .0  1.00  1    -1.73 F5/6  188.9  1.1  198.8 1.55    .94 1.62   8.95  8.94  20.27  2.11
 NGC 6139              16 27 40.4  -38 50 56  342.37   6.94  10.5   3.9   9.9  -3.2   1.3    .74 18.00 17.40  8.99  -8.41   .73  1.40   .91  1.86   2.2        2    -1.65 F6/7    6.7  6.0   13.0 1.80    .14  .82   7.55  8.59  17.30  4.64
 Terzan 3              16 28 40.1  -35 21 13  345.08   9.19  26.4  18.9  25.2  -6.7   4.2    .32 18.80 18.10 12.00  -6.10                                                                          .70   1.18 1.30               22.52   .79
 NGC 6171  M 107       16 32 31.9  -13 03 13    3.37  23.01   6.3   3.3   5.8    .3   2.4    .33 15.70 15.01  7.93  -7.08   .69  1.10   .72  1.45  32.5  -.73  6    -1.04 G0    -33.8   .3  -20.6 1.51    .54 2.70   8.10  8.75  18.84  3.14
 1636-283  ESO452-SC11 16 39 25.5  -28 23 52  351.91  12.10   7.6   2.0   7.4  -1.0   1.6    .50 16.66 15.96 12.00  -3.96                                                                                                        20.75      
 NGC 6205  M 13        16 41 41.5  +36 27 37   59.01  40.91   7.0   8.3   2.7   4.5   4.6    .02 14.90 14.28  5.78  -8.50  -.02   .68         .86   2.0   .97  0    -1.54 F6   -246.6   .9 -228.2 1.49    .88 1.49   8.94  8.96  16.80  3.32
 NGC 6229              16 46 58.9  +47 31 40   73.64  40.31  29.3  28.7   6.3  21.4  19.0    .01 18.00 17.37  9.39  -7.98  -.03   .70        1.01  12.9   .24  1/6  -1.44 F7   -154.2  7.6 -136.4 1.61    .13  .37   8.51  8.90  16.99  3.42
 NGC 6218  M 12        16 47 14.5  -01 56 52   15.72  26.31   4.7   4.6   4.1   1.2   2.1    .19 14.60 13.97  6.70  -7.27   .20   .83   .56  1.14    .0   .97  1    -1.48 F8    -42.1   .6  -26.3 1.38    .66 2.16   8.23  8.86  18.17  3.27
 NGC 6235              16 53 25.4  -22 10 38  358.92  13.52   9.7   2.7   9.5   -.2   2.3    .36 16.70 16.06  9.97  -6.09   .44  1.05   .66  1.36  11.0   .89  1    -1.40 F9:    87.3  3.4   98.8 1.33    .36  .84   8.07  8.56  18.98  3.12
 NGC 6254  M 10        16 57 08.9  -04 05 58   15.14  23.08   4.3   4.6   3.8   1.0   1.7    .28 14.65 14.03  6.60  -7.43   .23   .90   .53  1.21   1.1   .98  0    -1.52 F3     75.8  1.0   91.5 1.40    .86 1.81   8.38  8.56  17.69  3.51
 NGC 6256              16 59 32.6  -37 07 17  347.79   3.31   9.3   2.3   9.1  -2.0    .5    .84 18.20 17.45 11.29  -6.16  1.03  1.69                                -.70                         2.50c   .02  .85   5.72  8.41  17.89  5.32
 Pal 15                17 00 02.4  -00 32 31   18.87  24.30  43.6  36.9  37.6  12.8  17.9    .40 20.00 19.43 14.00  -5.43                            .0  1.00  1    -1.90        68.9  1.1   85.2  .60   1.21 1.21               24.87 -0.24
 NGC 6266  M 62        17 01 12.6  -30 06 44  353.58   7.32   6.7   1.8   6.6   -.7    .9    .47 16.25 15.59  6.45  -9.14   .52  1.19   .74  1.58  19.1   .32  4    -1.29 F9:   -65.8  2.5  -56.3 1.70c:  .18 1.23   7.54  8.55  15.35  5.15
 NGC 6273  M 19        17 02 37.7  -26 16 05  356.87   9.38   8.5   1.5   8.4   -.5   1.4    .37 16.40 15.80  6.77  -9.03   .35  1.03   .66  1.35    .5        1    -1.68 F7    135.0  4.0  145.6 1.53    .43 1.25   8.80  9.28  16.82  3.97
 NGC 6284              17 04 28.8  -24 45 53  358.35   9.94  14.3   6.6  14.1   -.4   2.5    .28 17.30 16.65  8.83  -7.82   .40   .99   .65  1.31   3.0        0    -1.32 F9     29.7 10.8   40.8 2.50c   .07  .78   7.07  8.54  16.65  4.45
 NGC 6287              17 05 09.4  -22 42 29     .13  11.02   8.4   1.6   8.3    .0   1.6    .59 17.00 16.46  9.35  -7.11   .52  1.20   .83  1.74   2.9   .98  1    -2.05 F5   -208.0 16.0 -196.4 1.60    .26  .75   7.72  8.14  18.33  3.85
 NGC 6293              17 10 10.4  -26 34 54  357.62   7.83   8.8   1.5   8.7   -.4   1.2    .39 16.50 15.94  8.22  -7.72   .29   .96   .63  1.28   3.3   .90  1    -1.92 F3    -98.9  8.5  -88.2 2.50c   .05  .91   6.34  8.52  16.18  5.19
 NGC 6304              17 14 32.5  -29 27 44  355.83   5.38   6.0   2.2   5.9   -.4    .6    .52 16.25 15.49  8.22  -7.27   .82  1.31   .77  1.70    .0 -1.00  7     -.59 G3   -107.3  3.6  -97.4 1.80    .21 1.41   7.45  8.56  17.34  4.40
 NGC 6316              17 16 37.4  -28 08 24  357.18   5.76  11.5   3.7  11.4   -.6   1.2    .55 17.78 17.01  8.43  -8.58   .62  1.39   .85  1.80       -1.00  7     -.55 G2     71.5  8.9   81.8 1.55    .17  .71   7.94  8.92  17.40  4.23
 NGC 6341  M 92        17 17 07.3  +43 08 11   68.34  34.86   8.1   9.5   2.4   6.1   4.6    .02 15.10 14.59  6.44  -8.15   .01   .63         .88  13.7   .91  2    -2.29 F2   -121.6  1.5 -103.0 1.81    .23 1.09   7.84  8.56  15.58  4.30
 NGC 6325              17 17 59.2  -23 45 57     .97   8.00   9.4   1.9   9.3    .2   1.3    .89 18.30 17.63 10.33  -7.30   .85  1.66        2.15              1    -1.17 G0      3.1  8.3   14.7 2.50c   .03  .94   5.53  7.91  17.56  5.41
 NGC 6333  M 9         17 19 11.8  -18 30 59    5.54  10.70   8.3   1.7   8.1    .8   1.5    .36 16.30 15.71  7.72  -7.99   .32   .97   .63  1.33  10.8   .87  1    -1.72 F5/6  229.1  7.0  242.0 1.15    .58  .95   8.62  8.49  17.40  3.63
 NGC 6342              17 21 10.2  -19 35 14    4.90   9.73   9.1   1.9   8.9    .8   1.5    .44 16.90 16.15  9.66  -6.49   .77  1.26   .80  1.57       -1.00  7     -.65 G3/4   80.9  7.1   93.6 2.50c   .05  .88   6.57  8.58  17.44  4.72
 NGC 6356              17 23 35.0  -17 48 47    6.72  10.22  14.6   7.0  14.3   1.7   2.6    .29 17.50 16.73  8.25  -8.48   .63  1.13   .69  1.45    .0 -1.00  7     -.50 G3     27.0  4.3   40.2 1.54    .23  .74   8.54  9.11  17.09  3.79
 NGC 6355              17 23 58.6  -26 21 13  359.58   5.43   7.1   1.2   7.0   -.1    .7    .75 17.20 16.58  9.14  -7.44   .72  1.48   .93  1.83                   -1.50 G0   -176.9  7.1 -166.0 2.50c   .05  .87   6.05  8.47  18.05  4.96
 NGC 6352              17 25 29.2  -48 25 22  341.42  -7.17   5.6   3.3   5.2  -1.8   -.7    .21 15.13 14.39  7.96  -6.43   .64  1.06   .66  1.50    .0 -1.00  7     -.70 G4   -120.9  3.0 -116.7 1.10    .83 2.00   8.64  8.71  18.42  3.05
 IC 1257               17 27 08.5  -07 05 35   16.53  15.14  24.5  17.3  22.6   6.7   6.4    .73 19.80 19.20 13.10  -6.10        1.38        1.83        1.00  1    -1.70                                                                   
 Terzan 2  HP 3        17 27 33.4  -30 48 08  356.32   2.30   9.5   1.6   9.5   -.6    .4   1.42 20.10 19.29 14.29  -5.00                               -1.00  7     -.25       109.0 15.0  118.7 2.50c   .03 1.52   5.56  8.55  21.58  4.43
 NGC 6366              17 27 44.3  -05 04 36   18.41  16.04   3.6   4.9   3.3   1.1   1.0    .69 15.65 14.92  9.20  -5.72   .97  1.44               5.1  -.97  7     -.82      -122.3   .5 -106.3  .92   1.83 2.63   8.77  8.50  21.24  2.39
 Terzan 4  HP 4        17 30 38.9  -31 35 44  356.02   1.31   8.9   1.1   8.9   -.6    .2   2.35 22.65 22.04 16.00  -6.04                                      1    -1.60       -50.0 15.0  -40.5                                           
 HP 1      BH 229      17 31 05.2  -29 58 54  357.42   2.12   7.2    .9   7.2   -.3    .3   1.19 18.60 17.98 11.59  -6.39                                      1    -1.50        53.1  9.8   63.1 2.50c   .03 3.10   6.06  9.49  21.29  4.47
 NGC 6362              17 31 54.8  -67 02 53  325.55 -17.57   7.5   5.1   5.9  -4.0  -2.3    .09 15.34 14.65  7.73  -6.92   .29   .85   .56  1.14  56.4  -.58  1/7  -1.06 G3    -13.1   .6  -15.1 1.10   1.32 2.18   9.09  8.83  19.19  2.27
 Liller 1              17 33 24.5  -33 23 20  354.84   -.16  10.5   2.6  10.5   -.9    .0   2.98 25.23 24.35 16.77  -7.58                            .0 -1.00  7      .22        52.0 15.0   61.0 2.30c:  .06  .45   6.73        23.15  5.40
 NGC 6380  Ton 1       17 34 28.0  -39 04 09  350.18  -3.42                                 1.38             11.31               2.01                                                             1.55c:  .34  .75   7.60  7.65  19.96      
 Terzan 1  HP 2        17 35 47.8  -30 28 11  357.57   1.00   6.5   1.5   6.5   -.3    .1   1.64 19.95 19.15 15.90  -3.25                                      7     -.35        35.0 15.0   44.9 2.50c   .04 3.82               25.09  3.42
 Ton 2     Pismis 26   17 36 10.5  -38 33 12  350.80  -3.42   7.9   1.4   7.8  -1.3   -.5   1.24 19.10 18.33 12.24  -6.09                                      7     -.50                         1.30    .54 1.08               22.16  2.85
 NGC 6388              17 36 17.0  -44 44 06  345.56  -6.74  11.5   4.4  11.1  -2.9  -1.4    .38 17.25 16.49  6.72  -9.77   .66  1.17   .71  1.47    .6        7     -.60 G2     81.2  1.2   86.7 1.70    .12  .67   7.92  8.70  14.55  5.29
 NGC 6402  M 14        17 37 36.1  -03 14 45   21.32  14.81   8.7   3.8   7.8   3.1   2.2    .60 17.20 16.56  7.59  -8.97   .57  1.25   .81  1.64  22.2   .65  2    -1.39 F4    -66.1  1.8  -49.7 1.60    .83 1.29   9.27  9.19  18.41  3.31
 NGC 6401              17 38 36.9  -23 54 32    3.45   3.98   7.5    .9   7.5    .5    .5    .85 17.70 17.02  9.45  -7.57   .93  1.58  1.02  2.01  20.7        2:   -1.12 F9    -65.0  8.6  -53.2 1.69    .25 1.91   7.52  9.13  18.67  4.11
 NGC 6397              17 40 41.3  -53 40 25  338.17 -11.96   2.2   6.0   2.0   -.8   -.5    .18 12.87 12.31  5.73  -6.58   .12   .73   .49  1.03    .0   .98  1    -1.95 F4     18.9   .1   21.4 2.50c   .05 2.33   4.93  8.35  15.65  5.69
 Pal 6                 17 43 42.2  -26 13 21    2.09   1.78   6.7   1.4   6.7    .2    .2   1.53 19.70 18.87 11.55  -7.32        2.83                   -1.00  7     -.10       201.0 20.0  212.2 1.10    .66 1.06   8.45        21.58  3.45
 NGC 6426              17 44 54.7  +03 10 13   28.09  16.23  19.9  13.8  16.8   9.0   5.6    .36 18.12 17.61 11.01  -6.60   .35  1.02        1.28  27.5   .53  2    -2.26 G1:  -162.0 23.0 -144.5 1.70    .26  .96   8.24  8.86  20.37  2.37
 Djorg 1               17 47 28.3  -33 03 56  356.67  -2.48   9.2   1.4   9.2   -.5   -.4   1.70 20.80 20.10 13.60  -6.50                                                                         1.50    .50 1.26   9.50        23.10  3.00
 Terzan 5  Terzan 11   17 48 04.9  -24 48 45    3.81   1.67   8.0    .6   8.0    .5    .2   2.32 22.52 21.71 13.85  -7.86  2.13  2.77                   -1.00  7     -.28       -94.0 15.0  -82.4 1.74    .18  .83   7.83        20.33  5.38
 NGC 6440              17 48 52.6  -20 21 34    7.73   3.80   8.0   1.2   7.9   1.1    .5   1.09 18.70 17.90  9.20  -8.70  1.47  1.97  1.24  2.51       -1.00  7     -.34 G4    -78.7  5.7  -65.9 1.70    .13  .58   7.45  8.15  17.02  5.33
 NGC 6441              17 50 12.9  -37 03 04  353.53  -5.01   9.7   2.1   9.6  -1.1   -.8    .45 17.10 16.33  7.15  -9.18   .81  1.27   .79  1.62    .4        7     -.53 G2     18.3  1.7   26.3 1.85    .11  .64   7.75  8.66  14.99  5.31
 Terzan 6  HP 5        17 50 46.4  -31 16 31  358.57  -2.16   7.5    .6   7.5   -.2   -.3   2.04 21.44 20.69 13.85  -6.84                            .0 -1.00  7     -.65       126.0 15.0  135.7 2.50c   .05  .44               20.76  5.39
 NGC 6453              17 50 51.8  -34 35 55  355.72  -3.87  10.9   3.1  10.9   -.8   -.7    .61 17.70 17.08 10.08  -7.00   .68  1.31   .99  2.00    .0             -1.53 F8    -83.7  8.3  -74.9 2.50c   .07  .37   6.92  7.97  17.35  4.73
 UKS 1                 17 54 27.2  -24 08 43    5.12    .76   7.5    .8   7.5    .7    .1   2.93 24.14 23.47 17.29  -6.18                                           -1.20                         2.10c:  .15  .86               25.52  4.16
 NGC 6496              17 59 02.0  -44 15 54  348.02 -10.01  11.6   4.4  11.1  -2.4  -2.0    .13 16.47 15.72  8.54  -7.18   .45   .98                .0 -1.00  7     -.64 G4   -112.7  5.7 -107.0  .70   1.05 1.87   8.46  8.46  20.10  1.94
 Terzan 9              18 01 38.8  -26 50 23    3.60  -1.99   7.8    .6   7.8    .5   -.3   1.75 20.58 19.88 16.00  -3.88                                           -1.00        59.0 10.0   70.0 2.50c   .03  .78               23.21  4.36
 Djorg 2   E456-SC38   18 01 49.1  -27 49 33    2.76  -2.51  13.8   5.8  13.8    .7   -.6   1.00 19.50 18.80  9.90  -8.90                                                                         1.50    .33  .83   8.62        19.50  3.58
 NGC 6517              18 01 50.6  -08 57 32   19.23   6.76  10.5   4.1   9.9   3.4   1.2   1.08 19.10 18.46 10.23  -8.23   .85  1.75        2.31              0    -1.37 F8    -39.6  8.0  -24.1 1.82    .06  .62   6.43  7.89  17.77  5.21
 Terzan 10             18 02 57.4  -26 04 00    4.42  -1.86   8.4    .8   8.3    .6   -.3   2.60 23.42 22.67 14.90  -7.77                                            -.70                                                        21.28      
 NGC 6522              18 03 34.1  -30 02 02    1.02  -3.93   7.0   1.1   7.0    .1   -.5    .50 16.40 15.78  8.27  -7.51   .65  1.21   .76  1.51   5.0   .71  1    -1.52 F7/8  -15.0  3.3   -4.9 2.50c   .05 1.04   6.45  8.25  16.14  5.38
 NGC 6535              18 03 50.7  -00 17 49   27.18  10.44   6.8   3.9   5.9   3.0   1.2    .32 15.73 15.15 10.47  -4.68   .29   .94                .0  1.00  1    -1.80 G0   -215.1   .5 -198.0 1.30    .42  .77   7.47  8.05  20.22  2.66
 NGC 6528              18 04 49.6  -30 03 21    1.14  -4.17   7.4    .8   7.4    .1   -.5    .62 17.10 16.28  9.60  -6.68  1.09  1.53   .90  1.74    .0 -1.00  7     -.17 G3    184.9  3.8  195.0 2.29    .09  .43   6.80  7.73  16.91  4.99
 NGC 6539              18 04 49.8  -07 35 09   20.80   6.78   7.9   3.0   7.3   2.8    .9   1.00 18.33 17.58  9.33  -8.25  1.01  1.83        2.23    .0 -1.00  7     -.66 G4:   -45.6 10.9  -29.9 1.60    .54 1.67   8.05  8.38  19.31  3.68
 NGC 6540  Djorg 3     18 06 08.6  -27 45 55    3.29  -3.31   3.5   4.5   3.5    .2   -.2    .60 15.30 14.60  9.30  -5.30                                      2:   -1.00                         2.50c   .03  .24   6.46        16.40  5.94
 NGC 6544              18 07 20.6  -24 59 51    5.84  -2.20   2.5   5.5   2.5    .3   -.1    .74 14.90 14.28  7.77  -6.51   .73  1.46   .98  1.92        1.00  1    -1.56 F9    -27.3  3.9  -15.7 1.63c:  .05 1.77   5.23  7.82  17.13  5.78
 NGC 6541              18 08 02.2  -43 42 20  349.29 -11.18   7.4   2.1   7.2  -1.4  -1.4    .12 15.30 14.72  6.30  -8.42   .13   .76   .49  1.01    .0  1.00  1    -1.83 F6   -156.2  2.7 -150.3 2.00c:  .30 1.19   8.04  8.58  15.58  4.36
 NGC 6553              18 09 15.6  -25 54 28    5.25  -3.02   4.7   3.3   4.7    .4   -.2    .78 16.60 15.79  8.06  -7.73  1.34  1.73  1.01  2.13    .8 -1.00  7     -.25 G4     -6.5  2.7    4.8 1.17    .55 1.55   8.04  8.33  18.15  4.11
 NGC 6558              18 10 18.4  -31 45 49     .20  -6.03   6.4   1.8   6.4    .0   -.7    .42 15.97 15.34  9.26  -6.08   .58  1.11   .71  1.46  22.3             -1.44 F7   -143.7  9.4 -134.1 2.50c   .03 1.61   5.95  9.13  17.08  5.14
 IC 1276   Pal 7       18 10 44.2  -07 12 27   21.83   5.67   9.3   3.6   8.6   3.5    .9    .92 18.40 17.70 10.34  -7.36  1.03  1.76               1.1                                           1.29   1.08 2.35   9.03  9.15  21.66  2.29
 Terzan 12             18 12 15.8  -22 44 31    8.36  -2.10                                 1.57             15.63                                                                                 .57    .83  .84               23.75      
 NGC 6569              18 13 38.9  -31 49 35     .48  -6.68   8.5   1.1   8.4    .1  -1.0    .56 17.10 16.38  8.55  -7.83   .74  1.34   .83  1.69   7.4              -.86 G1:   -28.1  5.6  -18.5 1.27    .37 1.33   8.31  8.57  18.08  3.77
 NGC 6584              18 18 37.7  -52 12 54  342.14 -16.41  13.0   6.5  11.8  -3.8  -3.7    .11 16.53 15.90  8.27  -7.63   .17   .76   .50  1.04  38.0  -.15  4    -1.49 F6    222.9 15.0  226.0 1.20    .59  .80   8.79  8.53  17.79  2.95
 NGC 6624              18 23 40.5  -30 21 40    2.79  -7.91   7.9   1.2   7.8    .4  -1.1    .27 16.11 15.32  7.87  -7.45   .60  1.11   .67  1.42   1.0 -1.00  7     -.42 G4/5   53.9   .6   63.9 2.50c   .06  .82   6.71  8.50  15.42  5.24
 NGC 6626  M 28        18 24 32.9  -24 52 12    7.80  -5.58   5.7   2.5   5.7    .8   -.6    .41 15.70 15.07  6.79  -8.28   .46  1.08   .69  1.41   6.4   .90  2    -1.45 F8     17.0  1.0   28.5 1.67    .24 1.56   7.73  8.78  16.08  4.73
 NGC 6638              18 30 56.2  -25 29 47    7.90  -7.15   8.2   1.5   8.0   1.1  -1.0    .40 16.50 15.80  9.02  -6.78   .56  1.15   .72  1.50  38.9  -.30  2/6   -.99 G0     18.1  3.9   29.4 1.40    .26  .66   8.00  8.02  17.27  4.06
 NGC 6637  M 69        18 31 23.2  -32 20 53    1.72 -10.27   8.2   1.5   8.1    .2  -1.5    .17 15.85 15.11  7.64  -7.47   .48  1.01   .62  1.28    .0 -1.00  7     -.71 G2/3   39.9  2.8   49.3 1.39    .34  .83   8.40  8.69  16.83  3.83
 NGC 6642              18 31 54.3  -23 28 35    9.81  -6.44   7.6   1.6   7.5   1.3   -.9    .40 16.30 15.65  9.13  -6.52   .57  1.11   .72  1.45                   -1.35 F8    -57.2  5.4  -45.3 1.99    .10  .73   7.00  8.25  16.68  4.71
 NGC 6652              18 35 45.7  -32 59 25    1.53 -11.38   9.4   2.2   9.2    .2  -1.9    .09 15.85 15.14  8.62  -6.52   .37   .94   .52  1.08    .0 -1.00  7     -.96 G3   -111.7  5.8 -102.6 1.80    .07  .65   7.19  8.50  16.31  4.55
 NGC 6656  M 22        18 36 24.2  -23 54 12    9.89  -7.55   3.2   5.0   3.1    .5   -.4    .34 14.15 13.55  5.10  -8.45   .28   .98   .68  1.42   7.5   .91  2    -1.64 F5   -148.9   .4 -137.2 1.31   1.42 3.26   8.62  8.86  17.32  3.65
 Pal 8                 18 41 29.9  -19 49 33   14.10  -6.80  12.4   5.2  12.0   3.0  -1.5    .33 17.27 16.49 11.02  -5.47   .72  1.22                   -1.00  7     -.48       -43.0 15.0  -30.3 1.53    .40  .57   9.21  9.02  19.83  2.58
 NGC 6681  M 70        18 43 12.7  -32 17 31    2.85 -12.51   8.7   2.0   8.5    .4  -1.9    .07 15.55 14.93  7.87  -7.06   .12   .72   .47   .99   3.0   .96  1    -1.51 F5    218.6  1.2  227.9 2.50c   .03  .93   5.82  8.40  15.28  5.42
 NGC 6712              18 53 04.3  -08 42 22   25.35  -4.32   6.7   3.5   6.0   2.9   -.5    .46 16.25 15.55  8.10  -7.45   .53  1.17   .72  1.57  12.5  -.64  5    -1.01 F9   -107.7   .6  -92.6  .90    .94 1.37   8.89  8.64  18.65  3.17
 NGC 6715  M 54        18 55 03.3  -30 28 42    5.61 -14.09  26.2  18.6  25.3   2.5  -6.4    .15 18.17 17.56  7.60  -9.96   .24   .85   .53  1.10   7.5   .87  3    -1.59 F7/8  141.9   .5  151.6 1.84    .11  .49   8.30  9.03  14.82  4.59
 NGC 6717  Pal 9       18 55 06.2  -22 42 03   12.88 -10.90   7.1   2.4   6.8   1.6  -1.3    .21 15.56 14.90  9.28  -5.62   .35  1.00   .65  1.37   5.6   .98  1    -1.29 F6     22.8  3.4   34.6 2.07c:  .08  .68   6.61  8.14  16.48  4.68
 NGC 6723              18 59 33.2  -36 37 54     .07 -17.30   8.6   2.6   8.2    .0  -2.5    .05 15.50 14.82  7.01  -7.81   .21   .75   .50  1.05  21.8  -.08  1/6  -1.12 F9    -94.5  3.6  -86.7 1.05    .94 1.61   9.02  8.94  17.92  2.82
 NGC 6749              19 05 15.3  +01 54 03   36.20  -2.20   7.7   4.9   6.2   4.6   -.3   1.50 19.70 19.09 12.44  -6.65   .80  2.14                    1.00  1    -1.60                          .83    .77 1.10   8.58        21.54  3.34
 NGC 6752              19 10 51.8  -59 58 55  336.50 -25.63   3.9   5.3   3.2  -1.4  -1.7    .04 13.70 13.08  5.40  -7.68   .07   .66   .43   .93    .0  1.00  0    -1.55 F4/5  -24.5  1.9  -24.4 2.50c   .17 2.34   6.95  8.65  15.20  4.92
 NGC 6760              19 11 12.1  +01 01 50   36.11  -3.92   7.3   4.8   5.9   4.3   -.5    .78 17.50 16.73  8.88  -7.85  1.09  1.66  1.01  2.12    .0 -1.00  7     -.52 G5    -27.5  6.3  -10.9 1.59    .33 2.18   7.76  8.80  18.79  3.86
 NGC 6779  M 56        19 16 35.5  +30 11 05   62.66   8.34   9.9   9.5   4.5   8.7   1.4    .20 16.16 15.60  8.27  -7.33   .15   .86        1.16   2.3   .98  1    -1.94 F5   -135.7   .8 -116.9 1.37    .37 1.16   8.27  8.70  18.06  3.27
 Terzan 7              19 17 43.7  -34 39 27    3.39 -20.07  23.0  15.8  21.6   1.3  -7.9    .06 17.76 17.00 12.00  -5.00                            .0 -1.00  7     -.58       166.0  4.0  174.1 1.08    .61  .97               20.65  1.50
 Pal 10                19 18 02.1  +18 34 18   52.44   2.72   5.8   6.4   3.5   4.6    .3   1.66 19.80 18.97 13.22  -5.74                               -1.00  7     -.10                          .58    .81  .99               22.03  3.51
 Arp 2                 19 28 44.1  -30 21 14    8.55 -20.78  27.6  20.4  25.5   3.8  -9.8    .11 18.13 17.54 12.30  -5.24         .86              31.9   .86  2    -1.76       115.0 10.0  124.1  .90   1.59 1.91   9.80  9.46  24.21 -0.34
 NGC 6809  M 55        19 39 59.4  -30 57 44    8.80 -23.27   5.3   3.9   4.8    .7  -2.1    .07 14.40 13.82  6.32  -7.50   .11   .72   .48  1.00  10.0   .87  1    -1.81 F4    174.8   .4  183.4  .76   2.83 2.89   9.40  8.89  19.13  2.15
 Terzan 8              19 41 45.0  -34 00 01    5.76 -24.56  25.4  18.5  23.0   2.3 -10.6    .14 18.03 17.46 12.40  -5.06                                      1    -1.87       130.0  8.0  137.7  .60   1.00 1.00               22.82   .57
 Pal 11                19 45 14.4  -08 00 26   31.81 -15.58  12.6   7.6  10.3   6.4  -3.4    .34 17.35 16.56  9.80  -6.76        1.27                .0        7     -.39       -68.0 10.0  -53.9  .69   2.00 1.49  10.20  9.06  20.33  1.79
 NGC 6838  M 71        19 53 46.1  +18 46 42   56.74  -4.56   3.8   6.7   2.1   3.2   -.3    .25 14.44 13.70  8.19  -5.51   .63  1.09   .63  1.36    .0 -1.00  7     -.73 G1    -22.9   .2   -5.5 1.15    .63 1.65   7.62  8.10  19.22  3.06
 NGC 6864  M 75        20 06 04.8  -21 55 17   20.30 -25.75  18.4  12.4  15.5   5.7  -8.0    .16 17.47 16.82  8.52  -8.30   .28   .87   .55  1.16   5.8  -.42  2/7  -1.32 F9   -189.3  3.6 -179.1 1.88    .10  .47   7.91  8.72  15.55  4.52
 NGC 6934              20 34 11.6  +07 24 15   52.10 -18.89  15.2  12.4   8.8  11.3  -4.9    .12 16.90 16.28  8.83  -7.45   .20   .77   .49   .99  52.3   .25  4    -1.54 F7/8 -411.4  1.6 -396.7 1.53    .25  .60   8.35  8.64  17.26  3.47
 NGC 6981  M 72        20 53 27.9  -12 32 13   35.16 -32.68  16.8  12.7  11.6   8.1  -9.1    .05 16.90 16.28  9.27  -7.01   .14   .72   .45   .94  59.6   .14  4    -1.54 F7   -345.1  3.7 -334.7 1.23    .54  .88   9.03  8.93  18.90  2.36
 NGC 7006              21 01 29.5  +16 11 15   63.77 -19.41  40.7  38.0  17.0  34.4 -13.5    .05 18.80 18.20 10.56  -7.64   .06   .75         .98  59.7  -.28  5    -1.68 F6   -377.6  5.9 -363.2 1.42    .24  .38   9.07  8.97  18.50  2.47
 NGC 7078  M 15        21 29 58.3  +12 10 01   65.01 -27.31  10.2  10.3   3.8   8.2  -4.7    .09 15.83 15.31  6.20  -9.11   .06   .68         .85  25.4   .67  0/3  -2.22 F3/4 -107.5   .3  -95.0 2.50c   .07 1.06   7.10  9.01  14.21  5.37
 NGC 7089  M 2         21 33 29.3  -00 49 23   53.38 -35.78  11.4  10.3   5.5   7.4  -6.7    .05 16.05 15.44  6.47  -8.97   .09   .66   .46   .92   4.4   .96  1    -1.62 F4     -5.3  2.0    5.1 1.80    .34  .93   8.65  9.05  15.92  3.89
 NGC 7099  M 30        21 40 22.0  -23 10 45   27.18 -46.83   7.9   7.0   4.8   2.5  -5.7    .03 15.10 14.57  7.19  -7.38   .03   .60   .41   .86  11.2   .89  1    -2.12 F3   -184.2  1.0 -178.6 2.50c   .06 1.15   6.34  8.55  15.28  5.05
 Pal 12                21 46 38.8  -21 15 03   30.51 -47.68  18.7  15.5  10.8   6.4 -13.8    .02 17.13 16.42 11.99  -4.43   .34  1.07                .0 -1.00  7     -.93        27.8  1.5   33.5 1.94    .20 1.28   9.34        20.59  2.00
 Pal 13                23 06 44.4  +12 46 19   87.10 -42.70  26.3  27.2   1.0  19.3 -17.9    .05 17.86 17.26 13.80  -3.46  -.11   .72             165.6  -.20  5    -1.65       -28.0 37.0  -21.7  .66    .48  .46   8.59        23.36   .53
 NGC 7492              23 08 26.7  -15 36 41   53.39 -63.48  25.2  24.3   6.7   9.0 -22.5    .00 17.63 17.01 11.29  -5.72   .23   .42              15.5   .81  1    -1.51      -207.6  4.3 -206.1 1.00    .83 1.22   9.59  9.11  21.33   .98
