   13152 1903472 2021552480-2550001555492-255843 150323 1
   23153   73476  201657180-3800001700420-380424  60322 1
   33161 -103484   21706540-3823001710192-382643  12233 0
   43161 -253484 -121712540-3914001716211-391717   5233 0
   53168 -203491  -71713120-3821001716375-382416 100322 9
   63174  -43497   81708180-3700001711407-370337   4323 0
   73178 2103499 2231554240-2240001557215-224837 240321 1
   83190  -93513   41714420-3556001718031-355910 120333 4
   93192 1573513 1701615060-2521001618081-252817  80322 1
  103203   63526  191712240-3359001715417-340220  60322 1
  113211  -73534   61719540-3407001723122-340947  90333 2
  123235 -153558  -21729240-3232001732398-323406 120122 9
  133237   03560  141724000-3129001727140-313130  40222 1
  143248   73571  211723540-3011001727060-301330   2312 0
  153262 -353586 -211744060-3114001747200-311502  30222 3
  163276 -20   0  -61741300-2916001744410-291714  20322 0
  173278 -15   1  -11739480-2849001742582-285021  25322 0
  183278 -22   1  -81742240-2913001745348-291410   4122 0
  193280 -22   3  -81743000-2905001746106-290607  12112 0
  203283 -19   7  -51742540-2838001746040-283908  10322 0
  213284 -25   7 -111745180-2852001748283-285257   5322 0
  223321 -12  44   21748540-2501001751587-250142  60322 5
  233322 282  43 2961608000-0807001610420-081445  50321 0
  243330 294  51 3081605420-0649001608226-065654  30212 0
  253338 -30  62 -151759180-2424001802218-242356  9033314
  263341 -12  64   31752540-2319001755563-231924  20321 0
  273341 221  63 2361631420-1022001634270-102811 480322 1
  283342 -20  66  -61756360-2335001759387-233508  40121 0
  293347 -38  71 -241804240-2401001807273-240034  40322 3
  303348 -19  72  -51757300-2301001800320-230104  20333 1
  313350 -39  73 -241805120-2349001808150-234831   8112 1
  323351 -37  74 -231804480-2340001807508-233932   8122 2
  333362 349  83 3631554420-0120001557170-012836  35321 0
  343363 -16  87  -41800240-2140001803241-213952  90322 1
  353386 -31 110 -161809540-2017001812522-201610  20312 5
  363392 349 114 3631600240+0040001602570+003145  45121 0
  373394 -32 117 -181811480-1942001814455-194102  20322 3
  383396  -7 119   81802540-1817001805496-181641   3321 0
  393402 -25 125 -111810540-1841001813501-184006   3312 0
  403404 -11 127   31806120-1746001809070-174527  15322 0
  413404 -22 127  -71810000-1816001812556-181510  90322 6
  423410  -3 133  121804300-1650001807237-164934   3312 0
  433412 -19 135  -41810360-1726001813305-172507  15212 0
  443418 -16 141  -11810420-1646001813356-164507  60322 2
  453428 -22 151  -71815000-1613001817530-161148  60333 6
  463429  18 152  331800300-1410001803205-140952  25222 1
  473429 -13 153   21812000-1539001814522-153801   5122 1
  483444 -18 167  -31816420-1438001819330-143641  10322 1
  493445  -7 168   71813000-1400001815502-135857  9033310
  503446 -26 169 -111819480-1446001822391-144427  35322 1
  513447 -67 170 -521835000-1639001837532-163621  35311 0
  523451-237 175-2221941480-2320001944475-231243   2212 0
  533459 -18 182  -31819360-1317001822252-131528  15322 0
  543464   5 187  201812180-1146001815055-114500 140333 7
  553480 -26 203 -111826360-1150001829235-114758   5321 1
  563497 -14 220   01825360-0947001828210-094502   7121 0
  573506  -8 229   71825060-0841001827497-083905   2321 1
  583508  -9 231   51826000-0832001828435-083001   8322 0
  593522 -18 245  -31831360-0741001834185-073836  20321 0
  603530 -13 253   21831180-0647001833595-064438  20322 0
  613541   3 264  181827360-0505001830155-050254   2323 0
  623545  21 268  351822180-0355001824561-035317   4311 0
  633551-224 274-2091952060-1423001954545-141504  55321 0
  643567  21 290  351826240-0159001828598-015659  25322 0
  653568 -22 291  -71841420-0351001844200-034753   7322 0
  663582 -11 305   41840180-0206001842540-020259   8322 0
  673583 -21 306  -61844120-0228001846483-022442  10211 0
  683584  48 307  621820060+0048001822386+004933   8322 0
  693596   0 319  141839180-0023001841520-002003  20222 1
  70  27  99 351 1141809480+0702001812133+070248   5312 0
  71  38 -28 361 -141857000+0201001859312+020512   3223 0
  72  41 -31 364 -171858480+0210001901191+021420  25322 0
  73  50 431 377 4461606480+2208001608576+220009  75321 0
  74  76 -27 399 -131903540+0527001906215+053141   3322 0
  75  79   1 402  151854240+0659001856496+070301  10121 0
  76  81  11 405  251851360+0741001854007+074449   7121 0
  77  84-135 406-1211943120+0054001945445+010121   8211 0
  78 145  25 469  381858360+1359001900535+140318  12111 0
  79 167 -18 490  -51918420+1347001921001+135242  40321 0
  80 179  20 502  331907000+1642001909143+164654   2323 0
  81 195-109 516 -971956300+1131001958516+113912  10311 0
  82 213 -12 536   01925540+1804001928072+181011   9312 1
  83 228  12 551  241920120+2036001922220+204148   2122 0
  84 236 -50 559 -381944360+1809001946500+181626  15323 2
  85 250  79 574  901859120+2541001901145+254520   6322 1
  86 271 -13 594  -21938540+2303001941017+231003  40122 3
  87 286 -12 609  -11942120+2423001944182+243016  10311 1
  88 292  -8 615   31941480+2506001943533+251315  25322 1
  89 307 -10 630   11945540+2614001947581+262131   5121 0
  90 309  -6 632   51945060+2637001947095+264428   6322 0
  91 317  34 641  441931360+2923001933350+292934 120332 0
  92 318   6 641  161942360+2800001944375+280718  50111 4
  93 319 -15 642  -51950540+2657001952575+270450   1323 0
  94 325  57 649  681924000+3116001925556+312203  25331 0
  95 336  -4 659   61951000+2902001953007+290951   1122 0
  96 337  61 661  721924540+3229001926480+323507  25321 0
  97 346  -1 669   91952060+3000001954055+300755  10121 0
  98 358   0 682  101954480+3109001956461+311705  15111 1
  99 378   8 702  171957000+3313001958555+332113   5323 0
 100 380   6 703  161958000+3314001959555+332217   4323 0
 101 392  19 716  281956120+3501001958046+350910  20322 1
 102 392 -62 714 -532027420+3016002029445+302606  40311 0
 103 420 -92 741 -832046240+3033002048281+304409 210333 0
 104 425  -3 748   62014000+3626002015525+363517   7122 0
 105 431  16 755  242008240+3803002010132+381156  18233 1
 106 441 -14 764  -62023420+3704002025347+371351   3323 0
 107 452 -45 774 -372038540+3559002040502+360944   5222 1
 108 459  10 782  182019000+3956002020476+400534 180333 0
 109 472  -6 795   12030000+4000002031491+4010131080232 0
 110 476-129 796-1222116360+3202002118422+321441  50321 0
 111 493-177 812-1702137300+2939002139415+295237  90311 0
 112 514  26 838  332030300+4519002032100+452915  15122 1
 113 516 -89 837 -832116480+3740002118480+375242  15311 0
 114 521 -85 842 -792117120+3817002119112+382943   9332 0
 115 525  33 849  392031180+4632002032558+464217  50322 0
 116 526  39 850  452029060+4701002030425+471110   2122 0
 117 532 -16 855 -102055120+4356002056591+440737 240332 1
 118 554 -95 875 -892133000+3946002135003+395926 480321 0
 119 554 -44 876 -382114420+4331002116337+434335 160223 1
 120 579  15 903  202100300+4929002102085+494053   1111 0
 121 579  12 902  172101540+4915002103332+492657   1321 0
 122 581-416 892-4112303480+1423002306175+143914  40321 0
 123 590 -68 912 -642138300+4405002140262+441840  13222 0
 124 622 -19 945 -152134480+4954002136346+500730  70122 0
 125 623 -59 944 -552149420+4648002151373+470207   9223 1
 126 635-172 954-1682229000+3804002231135+381926 160322 1
 127 639  22 963  262125300+5411002127058+542405   2322 0
 128 651  28 975  322129000+5525002130342+553815   1323 0
 129 660  77 985  802109120+5933002110285+594518 140322 1
 130 662 124 989 1272041120+6252002042060+630250   3322 1
 131 669  35 993  372135540+5702002137270+571533 170122 5
 132 705  -81028  -62215060+5538002216565+555301  90332 3
 133 705  941031  962126420+6352002127510+640508  80311 0
 134 715  241038  262208060+5855002209477+590947 160322 1
 135 723  111046  132218360+5814002220235+582907  15322 0
 136 724 1311051 1322115000+6750002115450+680235   5323 0
 137 731  771056  792154240+6413002155455+642717  90321 2
 138 733   21056   42228540+5758002230465+581326   1322 0
 139 735  -11058   02231120+5742002233058+575729  10321 0
 140 743  521068  532215540+6247002217306+630202  30223 1
 141 744  321068  332225000+6108002226450+612319   5112 0
 142 749 -101072 -102243360+5732002245355+574748  30333 3
 143 750 -151073 -142246120+5711002248130+572652   4311 0
 144 754   81077   82241000+5922002242557+593745   4321 0
 145 755  571079  582222180+6348002223555+640314  90221 0
 146 759   51082   62245300+5924002247277+593951   2322 0
 147 760 -111083 -112251240+5756002253265+581159   2111 0
 148 761 -111084 -112252060+5759002254086+581500   2323 0
 149 761 -111084 -112252180+5800002254207+581600   1112 0
 150 764  611089  612227540+6436002229326+645124  40322 0
 151 764 -281086 -272258480+5632002300552+564808  20311 1
 152 765 -101088  -92254300+5815002256335+583103   2323 0
 153 765 -111088 -102255060+5812002257097+582804   5122 0
 154 766  161090  162247300+6039002249270+605454  60322 0
 155 778  261102  262252480+6205002254455+622101  60322 9
 156 778   11101   12301000+5943002303048+595910   2123 0
 157 790  -61113  -72311420+5930002313522+594621  90333 5
 158 792   91116   82309240+6058002311316+611419  10233 0
 159 793   41117   42311240+6036002313330+605221   7322 0
 160 795  411120  412301480+6408002303473+642411  80321 3
 161 795  111119  112311120+6119002313201+613521  55222 0
 162 799   31122   22316180+6039002318295+605525  40333 2
 163 813  -61136  -72328420+6014002331001+603034  10322 0
 164 817 -151139 -162333420+5925002336031+594136   3322 0
 165 823   31146   22335060+6123002337268+613937  10222 1
 166 823  -71146  -82337240+6025002339465+604138  10111 1
 167 826  331150  322330480+6418002333045+643435   2111 0
 168 835 -141158 -162348060+5955002350341+601141   7222 0
 169 836 -161159 -172349000+5949002351286+600541   5111 1
 170 853  251177  232356360+6404002359083+642042  20122 1
 171 860  491184  472359300+6636000002041+665242 180323 3
 172 864 -111186 -13 010120+6042000012516+605841   1211 0
 173 872  -71195  -9 016240+6111000019070+612739  30122 2
 174 875 1871203 1842342360+8023002344410+803940  10321 0
 175 880  221204  20 021420+6409000024295+642537   2122 0
 176 881 -521203 -55 026060+5644000028518+570035  10321 0
 177 883   01207  -3 025540+6155000028425+621135  40311 2
 178 884 2561214 2542234060+8715002227255+873027 420321 0
 179 894   31217   0 034360+6219000037296+623530   1111 0
 180 903   41226   1 042480+6223000045462+623924  15311 0
 181 903  271227  23 043120+6440000046131+645623  15311 0
 182 905  221228  19 044120+6412000047131+642822   2311 0
 183 908  321232  28 047480+6510000050526+652619  35321 0
 184 910 -591231 -63 047000+5604000049545+562020  40323 1
 185 917 -151240 -19 053540+6027000056560+604313 120322 1
 186 926   71249   3 102300+6236000105393+625203   1322 0
 187 944  -41267  -8 116360+6120000119507+613544  10332 0
 188 959 -371281 -41 124120+5751000127246+580633   9332 0
 189 992  321316  27 204360+6342000208208+635613   2111 0
 1901025  161348   9 225480+6100000229343+611321 150333 8
 1911036   11359  -6 229120+5912000232545+592512   2313 0
 1921037  281361  21 239240+6134000243178+614644   1211 0
 1931038  281361  21 239420+6135000243360+614743   2211 0
 1941038  271361  21 239300+6131000243236+614344   2212 0
 1951040   31363  -4 232360+5913000236198+592603   3311 0
 1961040  321364  25 243240+6149000247203+620132   4112 0
 1971042   41365  -3 234240+5913000238085+592558   5321 0
 1981051   91374   2 242240+5917000246117+592936   9222 0
 1991052  181376  11 246480+6000000250396+601223 120323 9
 2001057  481381  41 302300+6226000306362+623734   6221 1
 2011061  241385  16 255180+6005000259130+601657   5323 0
 2021082  271406  19 310540+5916000314517+592708 170321 8
 2031112 -101435 -19 314300+5431000318146+544156  45121 0
 2041134  381458  30 347420+5708000351430+571700  40322 0
 2051162   71486  -2 348300+5254000352183+530257 120322 1
 2061183   01506  -9 355420+5103000359270+511130  50323 1
 2071189  311512  21 412180+5254000416108+530126   4122 0
 2081190  301513  20 412000+5244000415523+525127   1123 0
 2091193   71516  -2 403300+5054000407160+510201  14322 0
 2101204  391528  29 423120+5220000427050+522643  20312 0
 2111223  351546  25 429180+5044000433075+505019   2323 0
 2121231  361554  26 433000+5011000436485+501704   5123 0
 2131248 -251571 -36 413360+4441000417090+444822   1321 0
 2141254 -281576 -39 414300+4408000418020+441518   4111 0
 2151261 -461583 -57 410360+4222000414040+422934   2322 0
 2161263  191586   8 437360+4638000441161+464345  80322 1
 2171268  441592  33 451180+4751000455023+475548   9222 0
 2181270 1241595 113 533180+5208000537170+520948  70211 0
 2191270  371594  26 448420+4714000452246+471859   3223 0
 2201280-1111601-123 354060+3620000357217+362837 320323 1
 2211284  381608  27 454180+4612000457586+461636 120321 0
 2221332 -781654 -90 423360+3503000426526+350943   6323 0
 2231334  371658  25 510060+4206000513386+420929  70322 0
 2241338  571662  44 520060+4253000523408+425546  30332 1
 2251357  431681  31 520000+4032000523300+403446  10322 0
 2261362   31685 -10 504180+3752000507421+375554   3323 0
 2271364  231687  10 513000+3851000516265+385417  20322 0
 2281369   41692  -9 506480+3720000510113+372343   8323 0
 2291397  -91720 -22 509420+3421000513002+342431  65323 1
 2301407   01730 -13 515540+3402000519120+340505 300322 0
 2311410  391734  26 532360+3552000535576+355352  12312 0
 2321411  461735  32 535420+3609000539041+361039  40222 2
 2331411  371734  24 532000+3544000535213+354555   2322 0
 2341411  121734  -2 521300+3421000524487+342340  12323 4
 2351413  411736  28 534180+3548000537395+354945  10323 0
 2361413  -41736 -17 516000+3316000519167+331904  55323 5
 2371416  161739   3 524480+3412000528065+341426   7323 1
 2381441-1961762-209 416000+1918000418547+192514   1323 0
 2391468-1871789-201 425300+1754000428235+180036   5322 0
 2401479   11802 -13 534420+2803000537510+280444 180132 0
 2411486  551809  41 557420+3015000600545+301503  10323 0
 2421501  161824   2 545360+2659000548435+265956   7122 0
 2431518 -271841 -42 533180+2314000536201+231550   6321 0
 2441523 -441846 -58 528300+2153000531302+215511   5233 0
 2451543-3291864-343 357180+0351000359555+035926 720322 2
 2461548-1511870-166 456300+1357000459196+140128  65311 0
 2471566  231889   8 602300+2138000605300+213743   9112 1
 2481567  431891  29 610360+2232000613372+223107  50233 4
 2491567  551890  40 614540+2308000617560+230648  80322 6
 2501574-2341896-248 434480+0710000437295+071559  10321 0
 2511577-2571899-272 427300+0539000430097+054528  35331 0
 2521577  201900   5 603420+2031000606405+203037  40323 1
 2531599  511923  36 619480+2005000622458+200327   5311 0
 2541602  131925  -1 606300+1804000609253+180325  11222 1
 2551603  151927   0 607180+1800000610132+175922   3123 0
 2561603  141926  -1 606480+1758000609432+175724   1322 0
 2571603  141926  -1 607000+1800000609552+175923   3123 0
 2581604  151927   1 607420+1757000610372+175620   1322 0
 2591606   91929  -6 605480+1728000608425+172728   2111 0
 2601612-2121934-227 449480+0530000452277+053457  22331 0
 2611618  -51941 -19 603120+1549000606045+154840  45322 1
 2621624-1851946-200 501240+0602000504045+060608  20321 0
 2631624-1411947-156 516180+0818000519012+082104  22222 1
 2641628-1051951-120 529420+0952000532271+095406 390112 9
 2651628-1531951-168 513120+0720000515540+072317  70322 0
 2661634  141957  -1 613060+1519000615578+151756   1223 0
 2671639   31962 -12 610120+1418000613025+141709   4112 0
 2681641 -141964 -28 604360+1321000607255+132034  60311 0
 2691642  -21965 -17 608540+1351000611440+135015   4323 0
 2701645 -161968 -31 604360+1250000607248+124934   1323 0
 2711655  -81978 -23 609180+1223000612062+122213   2123 0
 2721655  -81978 -23 609240+1222000612122+122113   1212 0
 2731706  372029  22 635180+1000000638031+095720 25032311
 2741729 1572052 143 723300+1328000726185+132157   8333 0
 2751740  -62063 -21 626240+0500000629033+045759 100123 9
 2761744-1902067-205 522300-0403000524590-0400221200222 0
 2771746-1532069-168 535420-0230000538127-022819 120323 1
 2781750-2152074-229 514540-0546000517210-054249  50322 0
 2791761-1762085-191 530240-0452000532520-044956  20323 1
 2801764 -122087 -26 629060+0237000631425+023447  40322 4
 2811767-1802091-195 530000-0532000532271-052955  60323 3
 2821777  -82101 -23 632480+0136000635235+013331  35322 1
 2831785 -112109 -25 633300+0048000636045+004528   3311 0
 2841797   12120 -13 639540+0020000642280+001701  80222 0
 2851815  212138   6 650060-0023000652391-002643   1123 0
 2861850   12173 -14 649360-0423000652045-042641   6211 0
 2871858  102181  -4 654360-0440000657042-044402  12322 0
 2881864  322187  18 703360-0409000706048-041340   1323 0
 2891865 -312189 -46 641060-0714000643312-071704  11211 1
 2901871 3272191 313 848480+0918000851295+090642  17222 0
 2911882 -142206 -28 650360-0754000653005-075745   8212 0
 2921914  -52237 -19 659420-1018000702038-102223  21323 1
 2931919 -152242 -29 657060-1110000659267-111412  11112 1
 2941919  262242  12 711480-0916000714111-092114   7323 0
 2951921 -142244 -27 658000-1119000700206-112316   8111 1
 2961922  -62246 -20 701060-1104000703270-110829 20032310
 2971932 -122255 -26 700360-1211000702556-121527   7323 1
 2981955  122278  -1 714000-1301000716190-130623  22333 1
 2991987  282310  15 726060-1505000728228-151112   1311 0
 3001989  282311  15 726300-1512000728466-151814   3211 0
 3011991 -312315 -44 705240-1819000707363-182347   9223 0
 3022003  212326   9 727120-1646000729268-165217  21212 4
 3032009 -822334 -95 649480-2218000651548-222141  90222 0
 3042014-1122339-124 639180-2402000641222-240455 200322 0
 3052015  112338  -2 725420-1819000727550-182511   4323 0
 3062020   92343  -4 726120-1854000728242-190013  30321 4
 3072023  212346   8 731060-1832000733190-183832   6323 0
 3082023  -92348-101 650000-2349000652047-235241  35332 1
 3092025  102348  -2 727420-1913000729540-191919  12212 0
 3102049 -532373 -65 708540-2425000710586-243001 480322 2
 3112109  142432   4 748120-2611000750163-261840  45323 2
 3122192 1402512 131 854480-2518000856587-252936 720322 0
 3132725 3963036 4001248120-2219001250515-223519  12122 0
