Results from heasarc_hiiregion: Sharpless H II Regions
Coordinate system: Equatorial
|name|ra        |dec      |diameter|form|structure|bright|stars|
|S  4|17 19 48.5|-39 20 20|       5|   2|        3|     3|    0|
|S  3|17 13 44.9|-38 30 11|      12|   2|        3|     3|    0|
|S  5|17 20 03.4|-38 27 18|     100|   3|        2|     2|    9|
|S  2|17 04 06.5|-38 08 35|      60|   3|        2|     2|    1|
|S  6|17 15 03.8|-37 07 01|       4|   3|        2|     3|    0|
|S  8|17 21 24.5|-36 02 06|     120|   3|        3|     3|    4|
|S 11|17 26 30.7|-34 12 22|      90|   3|        3|     3|    2|
|S 10|17 18 59.8|-34 05 24|      60|   3|        2|     2|    1|
|S 12|17 35 55.9|-32 35 56|     120|   1|        2|     2|    9|
|S 13|17 30 28.3|-31 33 47|      40|   2|        2|     2|    1|
|S 15|17 50 34.1|-31 15 50|      30|   2|        2|     2|    3|
|S 14|17 30 18.2|-30 15 47|       2|   3|        1|     2|    0|
|S 16|17 47 52.1|-29 18 14|      20|   3|        2|     2|    0|
|S 18|17 48 45.8|-29 15 07|       4|   1|        2|     2|    0|
|S 19|17 49 21.4|-29 07 01|      12|   1|        1|     2|    0|
|S 21|17 51 38.9|-28 53 42|       5|   3|        2|     2|    0|
|S 17|17 46 08.6|-28 51 29|      25|   3|        2|     2|    0|
|S 20|17 49 14.2|-28 40 01|      10|   3|        2|     2|    0|
|S311|07 52 20.6|-26 26 28|      45|   3|        2|     3|    2|
|S  1|15 58 50.9|-26 07 16|     150|   3|        2|     3|    1|
|S312|08 59 09.6|-25 41 17|     720|   3|        2|     2|    0|
|S  9|16 21 10.8|-25 35 20|      80|   3|        2|     2|    1|
|S 22|17 55 03.6|-25 02 10|      60|   3|        2|     2|    5|
|S310|07 13 03.4|-24 35 10|     480|   3|        2|     2|    2|
|S 25|18 05 25.7|-24 23 38|      90|   3|        3|     3|   14|
|S304|06 43 26.4|-24 07 59|     200|   3|        2|     2|    0|
|S 29|18 10 30.7|-23 59 56|      40|   3|        2|     2|    3|
|S308|06 54 09.6|-23 56 31|      35|   3|        3|     2|    1|
|S 31|18 11 18.2|-23 47 49|       8|   1|        1|     2|    1|
|S 32|18 10 53.8|-23 38 53|       8|   1|        2|     2|    2|
|S 28|18 02 41.5|-23 35 02|      40|   1|        2|     1|    0|
|S 26|17 58 58.8|-23 19 34|      20|   3|        2|     1|    0|
|S 52|19 47 46.8|-23 05 13|       2|   2|        1|     2|    0|
|S 30|18 03 34.1|-23 00 54|      20|   3|        3|     3|    1|
|S  7|16 00 19.4|-22 57 04|     240|   3|        2|     1|    1|
|S313|12 53 31.4|-22 51 36|      12|   1|        2|     2|    0|
|S303|06 54 01.7|-22 25 30|      90|   2|        2|     2|    0|
|S 34|18 06 24.2|-21 39 29|      90|   3|        2|     2|    1|
|S 35|18 15 50.4|-20 15 07|      20|   3|        1|     2|    5|
|S 37|18 17 43.0|-19 39 50|      20|   3|        2|     2|    3|
|S309|07 32 06.0|-19 25 48|      12|   2|        1|     2|    0|
|S306|07 30 36.5|-19 06 36|      30|   3|        2|     1|    4|
|S307|07 35 31.9|-18 45 14|       6|   3|        2|     3|    0|
|S 39|18 16 46.3|-18 39 00|       3|   3|        1|     2|    0|
|S305|07 30 07.9|-18 31 30|       4|   3|        2|     3|    0|
|S301|07 09 48.7|-18 28 44|       9|   2|        2|     3|    0|
|S 38|18 08 45.4|-18 16 08|       3|   3|        2|     1|    0|
|S 41|18 15 51.4|-18 14 06|      90|   3|        2|     2|    6|
|S 40|18 12 02.2|-17 44 42|      15|   3|        2|     2|    0|
|S 43|18 16 25.2|-17 24 00|      15|   2|        1|     2|    0|
|S302|07 31 41.8|-16 58 44|      21|   2|        1|     2|    4|
|S 42|18 10 17.5|-16 48 54|       3|   3|        1|     2|    0|
|S 44|18 16 29.3|-16 44 02|      60|   3|        2|     2|    2|
|S 51|18 40 46.6|-16 33 29|      35|   3|        1|     1|    0|
|S 45|18 20 46.1|-16 10 23|      60|   3|        3|     3|    6|
|S 47|18 17 44.4|-15 36 50|       5|   1|        2|     2|    1|
|S300|07 31 03.4|-15 24 36|       3|   2|        1|     1|    0|
|S299|07 30 39.6|-15 17 35|       1|   3|        1|     1|    0|
|S 50|18 25 30.2|-14 42 43|      35|   3|        2|     2|    1|
|S 48|18 22 24.0|-14 35 10|      10|   3|        2|     2|    1|
|S 46|18 06 11.0|-14 09 32|      25|   2|        2|     2|    1|
|S 63|19 57 43.0|-14 06 58|      55|   3|        2|     1|    0|
|S 49|18 18 40.6|-13 57 43|      90|   3|        3|     3|   10|
|S 53|18 25 14.6|-13 13 44|      15|   3|        2|     2|    0|
|S298|07 18 37.9|-13 11 56|      22|   3|        3|     3|    1|
|S297|07 05 15.4|-12 20 02|       7|   3|        2|     3|    1|
|S 55|18 32 11.0|-11 45 43|       5|   3|        2|     1|    1|
|S 54|18 17 53.0|-11 43 48|     140|   3|        3|     3|    7|
|S295|07 02 41.3|-11 27 43|       8|   1|        1|     1|    1|
|S293|07 01 47.5|-11 18 32|      11|   1|        1|     2|    1|
|S296|07 05 48.0|-11 13 08|     200|   3|        2|     3|   10|
|S 27|16 37 12.2|-10 34 12|     480|   3|        2|     2|    1|
|S292|07 04 25.7|-10 26 56|      21|   3|        2|     3|    1|
|S 56|18 31 06.0|-09 42 54|       7|   1|        2|     1|    0|
|S294|07 16 34.3|-09 26 38|       7|   3|        2|     3|    0|
|S 57|18 30 33.4|-08 36 58|       2|   3|        2|     1|    1|
|S 58|18 31 27.1|-08 27 50|       8|   3|        2|     2|    0|
|S 23|16 13 24.5|-08 22 19|      50|   3|        2|     1|    0|
|S291|06 55 25.0|-08 01 41|       8|   2|        1|     2|    0|
|S 59|18 37 01.0|-07 36 00|      20|   3|        2|     1|    0|
|S289|06 45 56.4|-07 20 17|      11|   2|        1|     1|    1|
|S 24|16 11 03.6|-07 04 37|      30|   2|        1|     2|    0|
|S 60|18 36 41.0|-06 42 04|      20|   3|        2|     2|    0|
|S278|05 19 48.2|-05 39 50|      50|   3|        2|     2|    0|
|S281|05 34 54.5|-05 28 01|      60|   3|        2|     3|    3|
|S 61|18 32 55.0|-05 00 36|       2|   3|        2|     3|    0|
|S287|06 59 32.4|-04 48 14|      12|   3|        2|     2|    0|
|S279|05 35 20.2|-04 48 04|      20|   3|        2|     3|    1|
|S286|06 54 33.1|-04 30 32|       6|   2|        1|     1|    0|
|S288|07 08 33.6|-04 18 29|       1|   3|        2|     3|    0|
|S276|05 27 28.1|-03 57 54|    1200|   2|        2|     2|    0|
|S 62|18 27 34.3|-03 51 22|       4|   3|        1|     1|    0|
|S 65|18 46 58.1|-03 44 35|       7|   3|        2|     2|    0|
|S277|05 40 43.4|-02 26 49|     120|   3|        2|     3|    1|
|S 67|18 49 24.7|-02 21 14|      10|   2|        1|     1|    0|
|S 66|18 45 30.0|-01 59 46|       8|   3|        2|     2|    0|
|S 64|18 31 35.8|-01 54 47|      25|   3|        2|     2|    0|
|S 33|15 59 52.3|-01 37 01|      35|   3|        2|     1|    0|
|S285|06 55 12.2|-00 30 36|       1|   1|        2|     3|    0|
|S 69|18 44 25.9|-00 16 55|      20|   2|        2|     2|    1|
|S284|06 45 01.9|+00 13 52|      80|   2|        2|     2|    0|
|S 36|16 05 30.2|+00 23 38|      45|   1|        2|     1|    0|
|S283|06 38 39.1|+00 42 47|       3|   3|        1|     1|    0|
|S 68|18 25 11.3|+00 51 18|       8|   3|        2|     2|    0|
|S 77|19 48 17.0|+01 08 53|       8|   2|        1|     1|    0|
|S282|06 37 59.0|+01 30 50|      35|   3|        2|     2|    1|
|S 71|19 02 02.4|+02 09 36|       3|   2|        2|     3|    0|
|S 72|19 03 50.2|+02 18 50|      25|   3|        2|     2|    0|
|S280|06 34 19.2|+02 32 24|      40|   3|        2|     2|    4|
|S245|04 02 33.4|+04 07 41|     720|   3|        2|     2|    2|
|S275|06 31 42.7|+04 55 48|     100|   1|        2|     3|    9|
|S 74|19 08 49.0|+05 36 32|       3|   3|        2|     2|    0|
|S260|04 55 07.7|+05 39 43|      22|   3|        3|     1|    0|
|S251|04 32 49.7|+05 51 47|      35|   3|        3|     1|    0|
|S262|05 06 45.1|+06 10 05|      20|   3|        2|     1|    0|
|S 70|18 14 38.6|+07 03 47|       5|   3|        1|     2|    0|
|S 75|18 59 15.4|+07 07 12|      10|   1|        2|     1|    0|
|S250|04 40 11.3|+07 21 47|      10|   3|        2|     1|    0|
|S265|05 18 36.2|+07 26 24|      70|   3|        2|     2|    0|
|S 76|18 56 25.4|+07 48 47|       7|   1|        2|     1|    0|
|S263|05 21 44.6|+08 23 56|      22|   2|        2|     2|    1|
|S290|08 54 10.8|+08 55 16|      17|   2|        2|     2|    0|
|S273|06 40 48.2|+09 54 29|     250|   3|        2|     3|   11|
|S264|05 35 12.5|+09 55 59|     390|   1|        1|     2|    9|
|S 81|20 01 13.2|+11 47 35|      10|   3|        1|     1|    0|
|S272|06 15 00.5|+12 20 13|       1|   2|        1|     2|    0|
|S271|06 14 54.5|+12 21 14|       2|   1|        2|     3|    0|
|S270|06 10 13.7|+12 48 54|       1|   3|        2|     3|    0|
|S274|07 29 07.0|+13 15 43|       8|   3|        3|     3|    0|
|S268|06 10 15.1|+13 19 55|      60|   3|        1|     1|    0|
|S269|06 14 34.1|+13 49 19|       4|   3|        2|     3|    0|
|S 79|19 23 18.2|+13 58 34|      40|   3|        2|     1|    0|
|S246|05 02 09.4|+14 05 46|      65|   3|        1|     1|    0|
|S 78|19 03 11.0|+14 07 44|      12|   1|        1|     1|    0|
|S267|06 15 53.0|+14 16 05|       4|   1|        1|     2|    0|
|S122|23 08 47.3|+14 55 30|      40|   3|        2|     1|    0|
|S266|06 18 49.7|+15 16 41|       1|   2|        2|     3|    0|
|S261|06 08 57.1|+15 48 07|      45|   3|        2|     2|    1|
|S 80|19 11 28.8|+16 51 58|       2|   3|        2|     3|    0|
|S259|06 11 37.2|+17 26 42|       2|   1|        1|     1|    0|
|S258|06 13 32.4|+17 55 26|       1|   3|        2|     2|    0|
|S256|06 12 38.4|+17 56 35|       1|   3|        2|     2|    0|
|S255|06 13 08.6|+17 58 30|       3|   1|        2|     3|    0|
|S257|06 12 50.6|+17 58 34|       3|   1|        2|     3|    0|
|S254|06 12 20.6|+18 02 38|      11|   2|        2|     2|    1|
|S239|04 31 17.3|+18 07 01|       5|   3|        2|     2|    0|
|S 82|19 30 20.6|+18 16 30|       9|   3|        1|     2|    1|
|S 84|19 49 03.8|+18 24 00|      15|   3|        2|     3|    2|
|S238|04 21 49.9|+19 32 17|       1|   3|        2|     3|    0|
|S253|06 25 43.7|+20 01 41|       5|   3|        1|     1|    0|
|S252|06 09 39.1|+20 30 00|      40|   3|        2|     3|    1|
|S 83|19 24 32.2|+20 47 46|       2|   1|        2|     2|    0|
|S247|06 08 30.2|+21 37 12|       9|   1|        1|     2|    1|
|S 73|16 11 07.4|+21 52 26|      75|   3|        2|     1|    0|
|S244|05 34 30.7|+21 57 07|       5|   2|        3|     3|    0|
|S248|06 16 38.4|+22 30 00|      50|   2|        3|     3|    4|
|S249|06 20 58.1|+23 05 24|      80|   3|        2|     2|    6|
|S 86|19 43 09.6|+23 17 13|      40|   1|        2|     2|    3|
|S243|05 39 22.3|+23 17 28|       6|   3|        2|     1|    0|
|S 87|19 46 24.5|+24 37 41|      10|   3|        1|     1|    1|
|S 88|19 45 58.8|+25 20 38|      25|   3|        2|     2|    1|
|S 85|19 03 17.0|+25 49 48|       6|   3|        2|     2|    1|
|S 89|19 50 02.2|+26 29 10|       5|   1|        2|     1|    0|
|S 90|19 49 13.2|+26 52 05|       6|   3|        2|     2|    0|
|S242|05 51 51.1|+27 00 40|       7|   1|        2|     2|    0|
|S 93|19 55 01.2|+27 12 47|       1|   3|        2|     3|    0|
|S240|05 41 00.2|+28 06 14|     180|   1|        3|     2|    0|
|S 92|19 46 39.1|+28 14 42|      50|   1|        1|     1|    4|
|S 95|19 55 01.4|+29 17 49|       1|   1|        2|     2|    0|
|S 91|19 35 34.1|+29 36 14|     120|   3|        3|     2|    0|
|S111|21 41 53.3|+30 06 18|      90|   3|        1|     1|    0|
|S241|06 04 07.2|+30 14 53|      10|   3|        2|     3|    0|
|S 97|19 56 05.0|+30 15 58|      10|   1|        2|     1|    0|
|S102|20 31 47.0|+30 36 18|      40|   3|        1|     1|    0|
|S103|20 50 32.4|+30 55 23|     210|   3|        3|     3|    0|
|S 98|19 58 44.4|+31 25 19|      15|   1|        1|     1|    1|
|S 94|19 27 51.4|+31 28 16|      25|   3|        3|     1|    0|
|S110|21 20 48.7|+32 27 29|      50|   3|        2|     1|    0|
|S 96|19 28 42.0|+32 41 20|      25|   3|        2|     1|    0|
|S236|05 22 33.6|+33 21 54|      55|   3|        2|     3|    5|
|S 99|20 00 50.9|+33 29 35|       5|   3|        2|     3|    0|
|S100|20 01 51.1|+33 30 40|       4|   3|        2|     3|    0|
|S230|05 22 30.2|+34 07 55|     300|   3|        2|     2|    0|
|S237|05 31 25.2|+34 16 37|       7|   3|        2|     3|    1|
|S234|05 28 07.7|+34 26 06|      12|   3|        2|     3|    4|
|S229|05 16 18.7|+34 27 47|      65|   3|        2|     3|    1|
|S222|04 30 09.8|+35 16 12|       6|   3|        2|     3|    0|
|S101|19 59 57.4|+35 17 28|      20|   3|        2|     2|    1|
|S233|05 38 43.0|+35 47 35|       2|   3|        2|     2|    0|
|S235|05 41 01.2|+35 51 14|      10|   3|        2|     3|    0|
|S231|05 39 19.4|+35 55 30|      12|   3|        1|     2|    0|
|S232|05 42 26.4|+36 12 04|      40|   2|        2|     2|    2|
|S107|20 42 46.6|+36 20 35|       5|   2|        2|     2|    1|
|S220|04 00 38.2|+36 37 01|     320|   3|        2|     3|    1|
|S104|20 17 45.1|+36 44 42|       7|   1|        2|     2|    0|
|S106|20 27 27.6|+37 23 49|       3|   3|        2|     3|    0|
|S228|05 13 35.0|+37 27 11|       8|   3|        2|     3|    0|
|S226|05 11 06.7|+37 59 35|       3|   3|        2|     3|    0|
|S113|21 20 48.2|+38 05 28|      15|   3|        1|     1|    0|
|S105|20 12 02.6|+38 21 00|      18|   2|        3|     3|    1|
|S126|22 33 27.4|+38 34 55|     160|   3|        2|     2|    1|
|S114|21 21 10.6|+38 42 32|       9|   3|        3|     2|    0|
|S227|05 19 53.3|+38 57 18|      20|   3|        2|     2|    0|
|S118|21 37 01.0|+40 12 58|     480|   3|        2|     1|    0|
|S108|20 22 35.3|+40 15 14|     180|   3|        3|     3|    0|
|S109|20 33 38.4|+40 20 31|    1080|   2|        3|     2|    0|
|S225|05 27 00.2|+40 37 16|      10|   3|        2|     2|    0|
|S223|05 17 11.8|+42 12 43|      70|   3|        2|     2|    0|
|S215|04 17 32.9|+42 36 54|       2|   3|        2|     2|    0|
|S224|05 27 16.1|+42 58 16|      30|   3|        3|     2|    1|
|S119|21 18 25.7|+43 56 17|     160|   2|        2|     3|    1|
|S117|20 58 46.3|+44 19 19|     240|   3|        3|     2|    1|
|S214|04 21 34.8|+44 22 23|       4|   1|        1|     1|    0|
|S123|21 42 22.6|+44 32 24|      13|   2|        2|     2|    0|
|S213|04 20 42.7|+44 55 30|       1|   3|        2|     1|    0|
|S112|20 33 50.2|+45 39 36|      15|   1|        2|     2|    1|
|S221|05 01 39.8|+46 20 56|     120|   3|        2|     1|    0|
|S216|04 44 56.9|+46 49 16|      80|   3|        2|     2|    1|
|S115|20 34 33.8|+46 52 41|      50|   3|        2|     2|    0|
|S125|21 53 32.9|+47 16 19|       9|   2|        2|     3|    1|
|S116|20 32 19.2|+47 21 25|       2|   1|        2|     2|    0|
|S219|04 56 07.9|+47 23 42|       3|   2|        2|     3|    0|
|S217|04 58 47.3|+48 00 22|       9|   2|        2|     2|    0|
|S121|21 05 12.5|+49 39 00|       1|   3|        2|     1|    0|
|S120|21 03 47.0|+49 52 52|       1|   1|        1|     1|    0|
|S124|21 38 21.6|+50 21 04|      70|   1|        2|     2|    0|
|S212|04 40 37.7|+50 22 52|       5|   1|        2|     3|    0|
|S211|04 36 57.8|+50 56 20|       2|   3|        2|     3|    0|
|S209|04 11 02.9|+51 09 47|      14|   3|        2|     2|    0|
|S206|04 03 13.0|+51 19 44|      50|   3|        2|     3|    1|
|S218|05 41 16.3|+52 11 17|      70|   2|        1|     1|    0|
|S210|04 30 59.0|+52 33 11|      20|   3|        1|     2|    0|
|S208|04 19 45.8|+52 58 41|       1|   1|        2|     3|    0|
|S207|04 20 04.8|+53 08 38|       4|   1|        2|     2|    0|
|S205|03 56 07.9|+53 11 38|     120|   3|        2|     2|    1|
|S127|21 28 41.8|+54 37 16|       2|   3|        2|     2|    0|
|S203|03 22 00.7|+54 52 41|      45|   1|        2|     1|    0|
|S128|21 32 08.6|+55 51 32|       1|   3|        2|     3|    0|
|S132|22 18 47.5|+56 08 06|      90|   3|        3|     2|    3|
|S184|00 52 50.6|+56 36 36|      40|   3|        2|     3|    1|
|S151|23 03 03.1|+57 04 19|      20|   3|        1|     1|    1|
|S176|00 31 39.1|+57 17 10|      10|   3|        2|     1|    0|
|S204|03 55 45.6|+57 25 44|      40|   3|        2|     2|    0|
|S131|21 39 00.2|+57 29 10|     170|   1|        2|     2|    5|
|S143|22 50 14.6|+57 42 47|       4|   3|        1|     1|    0|
|S142|22 47 35.5|+58 03 40|      30|   3|        3|     3|    3|
|S139|22 35 00.2|+58 13 01|      10|   3|        2|     1|    0|
|S188|01 30 39.1|+58 22 01|       9|   3|        3|     2|    0|
|S147|22 55 29.5|+58 28 01|       2|   1|        1|     1|    0|
|S138|22 32 39.4|+58 28 55|       1|   3|        2|     2|    0|
|S148|22 56 12.0|+58 31 01|       2|   3|        2|     3|    0|
|S149|22 56 24.2|+58 32 02|       1|   1|        1|     2|    0|
|S153|22 59 14.2|+58 44 10|       5|   1|        2|     2|    0|
|S135|22 22 11.5|+58 44 17|      15|   3|        2|     2|    0|
|S152|22 58 37.7|+58 47 10|       2|   3|        2|     3|    0|
|S134|22 11 29.8|+59 24 36|     160|   3|        2|     2|    1|
|S202|03 18 51.4|+59 38 02|     170|   3|        2|     1|    8|
|S191|02 36 39.1|+59 38 13|       2|   3|        1|     3|    0|
|S197|02 41 55.2|+59 38 46|       5|   3|        2|     1|    0|
|S195|02 40 05.8|+59 38 56|       3|   3|        1|     1|    0|
|S198|02 50 01.7|+59 42 00|       9|   2|        2|     2|    0|
|S144|22 44 52.1|+59 53 31|       4|   3|        2|     1|    0|
|S146|22 49 26.2|+59 55 44|       2|   3|        2|     2|    0|
|S129|21 11 44.9|+59 57 40|     140|   3|        2|     2|    1|
|S164|23 38 25.4|+59 58 12|       3|   3|        2|     2|    0|
|S157|23 16 03.4|+60 02 42|      90|   3|        3|     3|    5|
|S156|23 05 10.3|+60 15 22|       2|   1|        2|     3|    0|
|S169|23 53 58.6|+60 22 23|       5|   1|        1|     1|    1|
|S199|02 54 33.4|+60 24 32|     120|   3|        2|     3|    9|
|S168|23 53 03.6|+60 28 23|       7|   2|        2|     2|    0|
|S201|03 03 10.3|+60 28 41|       5|   3|        2|     3|    0|
|S163|23 33 19.4|+60 47 10|      10|   3|        2|     2|    0|
|S166|23 42 10.3|+60 58 16|      10|   1|        1|     1|    1|
|S185|01 00 00.0|+60 59 24|     120|   3|        2|     2|    1|
|S159|23 15 43.0|+61 08 42|       7|   3|        2|     2|    0|
|S154|22 51 24.5|+61 10 52|      60|   3|        2|     2|    0|
|S162|23 20 42.0|+61 11 53|      40|   3|        3|     3|    2|
|S172|00 15 32.9|+61 15 22|       1|   2|        1|     1|    0|
|S190|02 33 23.0|+61 26 31|     150|   3|        3|     3|    8|
|S158|23 13 40.1|+61 30 40|      10|   2|        3|     3|    0|
|S141|22 28 30.5|+61 38 42|       5|   1|        1|     2|    0|
|S173|00 21 51.6|+61 44 17|      30|   1|        2|     2|    2|
|S187|01 23 07.7|+61 51 22|      10|   3|        3|     2|    0|
|S161|23 15 29.3|+61 51 43|      55|   2|        2|     2|    0|
|S165|23 39 49.0|+61 56 13|      10|   2|        2|     2|    1|
|S194|02 47 19.7|+61 56 17|       2|   2|        1|     2|    0|
|S192|02 47 13.9|+61 59 17|       1|   2|        1|     1|    0|
|S193|02 47 32.4|+62 00 14|       2|   2|        1|     1|    0|
|S196|02 51 19.0|+62 13 52|       4|   1|        1|     2|    0|
|S177|00 31 32.9|+62 28 08|      40|   3|        1|     1|    2|
|S155|22 56 43.7|+62 37 05|      60|   3|        2|     2|    9|
|S200|03 10 44.9|+62 48 54|       6|   2|        2|     1|    1|
|S179|00 40 25.2|+62 51 58|       1|   1|        1|     1|    0|
|S180|00 48 46.6|+62 55 44|      15|   3|        1|     1|    0|
|S186|01 08 50.9|+63 08 02|       1|   3|        2|     2|    0|
|S130|20 42 59.5|+63 13 41|       3|   3|        2|     2|    1|
|S140|22 19 07.7|+63 17 06|      30|   2|        2|     3|    1|
|S189|02 12 08.4|+64 10 19|       2|   1|        1|     1|    0|
|S133|21 28 59.8|+64 18 18|      80|   3|        1|     1|    0|
|S145|22 25 33.4|+64 18 32|      90|   2|        2|     1|    0|
|S170|00 01 42.2|+64 37 23|      20|   1|        2|     2|    1|
|S160|23 05 47.5|+64 40 23|      80|   3|        2|     1|    3|
|S137|21 57 07.0|+64 41 38|      90|   3|        2|     1|    2|
|S175|00 27 19.0|+64 42 14|       2|   1|        2|     2|    0|
|S182|00 50 16.6|+64 44 42|       2|   3|        1|     1|    0|
|S167|23 35 22.3|+64 51 11|       2|   1|        1|     1|    0|
|S150|22 31 11.8|+65 06 50|      40|   3|        2|     2|    0|
|S181|00 49 16.6|+65 12 43|      15|   3|        1|     1|    0|
|S183|00 53 59.8|+65 42 36|      35|   3|        2|     1|    0|
|S171|00 04 40.1|+67 09 25|     180|   3|        2|     3|    3|
|S136|21 16 29.5|+68 15 11|       5|   3|        2|     3|    0|
|S174|23 46 49.0|+80 56 20|      10|   3|        2|     1|    0|
|S178|22 18 56.2|+87 45 40|     420|   3|        2|     1|    0|
